 
          €‘—…’  ƒ€ŒŒ… <AFTMT>
 
Cu + Schiff Base PH+PLP pH 7.4                                                  
 
  Œ€’ˆ–€ ’ˆ—. ‹’‘’…‰ ˆ ˆ• ƒ…˜‘’ˆ
 
  1)   1.703  .003  .971  .003  .309  .003
  2)   1.558  .003  .883  .003  .388  .003
  3)   1.482  .003  .932  .003  .518  .003
  4)   1.389  .003  .970  .003  .651  .003
  5)   1.301  .003 1.011  .003  .781  .003
  6)   1.200  .003 1.043  .003  .908  .003
  7)   1.115  .003 1.081  .003 1.038  .003
  8)   1.028  .003 1.120  .003 1.161  .003
  9)   1.016  .003 1.173  .003 1.247  .003
 10)   1.046  .003 1.181  .003 1.235  .003
 
     ™ˆ… Š–…’€–ˆˆ —€‘’ˆ– €‡ˆ‘€
 
        H          tris       L          Cu         
  1)    1.740E-02  2.000E-02  9.971E-05  1.036E-19
  2)    1.670E-02  1.920E-02  9.971E-05  8.806E-06
  3)    1.601E-02  1.840E-02  9.971E-05  1.761E-05
  4)    1.531E-02  1.760E-02  9.971E-05  2.642E-05
  5)    1.462E-02  1.680E-02  9.971E-05  3.522E-05
  6)    1.392E-02  1.600E-02  9.971E-05  4.403E-05
  7)    1.322E-02  1.520E-02  9.971E-05  5.284E-05
  8)    1.253E-02  1.440E-02  9.971E-05  6.164E-05
  9)    1.183E-02  1.360E-02  9.971E-05  7.045E-05
 10)    1.114E-02  1.280E-02  9.971E-05  7.925E-05
 
  N       LgK    ‘’…•ˆŒ…’ˆ—…‘Šˆ… Š””ˆ–ˆ…’›
 
                 H       tris    L       Cu      
  5)     8.190   1.000   1.000    .000    .000     HTRIS                                                                           
  6)     4.370    .000   1.000    .000   1.000     CuTRIS                                                                          
  7)    -2.220  -1.000   1.000    .000   1.000     CuTris-H                                                                        
  8)   -10.510  -2.000   1.000    .000   1.000     CuTris-2H                                                                       
  9)     1.470  -1.000   2.000    .000   1.000     CuTris2-H                                                                       
 10)    -6.390  -2.000   2.000    .000   1.000     CuTris2-2H                                                                      
 11)   -17.240  -3.000   2.000    .000   1.000     CuTris2-3H                                                                      
 12)    -1.670  -2.000   2.000    .000   2.000     Cu2Tris2-2H                                                                     
 13)    -9.050  -3.000   2.000    .000   2.000     Cu2Tris2-3H                                                                     
 14)    -7.950  -1.000    .000    .000   1.000     CuOH                                                                            
 15)    -4.750    .000    .000   1.000    .000     Lhydr                                                                           
 16)     5.890    .000    .000   2.000   1.000     CuL2                                                                            
  Œ…€ ˆ‘ŠŒ›• Š‘’€’  16
  ˆ‡‚…‘’›… Œ‹Ÿ›… Š””. ƒ€˜…ˆŸ
  1)     .0000       .0000       .0000    
  2)     .0000       .0000       .0000    
  4)     .0000       .0000       .0000    
  Œ…€ —€‘’ˆ– ‘ …ˆ‡‚…‘’›Œˆ Œ‹Ÿ. Š””.ƒ€˜.   3  16
 
         …‡“‹œ’€’› €‘—…’€
 
 Œ€’ˆ–€ €‘‘—. ‡€—. ’ˆ—.‹’‘’ˆ ˆ ’Š‹…ˆ‰ Š‘…. ’ €‘‘—. ‡€—…ˆ‰
  1)   1.675  .028  .883  .088  .257  .052
  2)   1.570 -.012  .925 -.042  .410 -.022
  3)   1.472  .010  .963 -.031  .551 -.033
  4)   1.383  .006  .998 -.028  .680 -.029
  5)   1.299  .002 1.030 -.019  .801 -.020
  6)   1.223 -.023 1.060 -.017  .912 -.004
  7)   1.152 -.037 1.088 -.007 1.014  .024
  8)   1.083 -.055 1.115  .005 1.114  .047
  9)   1.021 -.005 1.139  .034 1.204  .043
 10)    .959  .087 1.163  .018 1.293 -.058
 ‘“ŒŒ€ Š‚.’Š‹.=4.03E-02
 
      €‚‚…‘›… Š–…’€–ˆˆ „“Š’‚ …€Š–ˆ‰
 
  1)  4.320E-08  2.600E-03  9.971E-05  7.821E-24  1.740E-02  4.768E-22  2.836E-21
      3.366E-22  3.612E-20  1.154E-20  3.772E-24  4.737E-39  4.570E-39  2.031E-24
      1.773E-09  5.228E-20
  2)  4.339E-08  2.486E-03  9.120E-05  7.605E-10  1.671E-02  4.432E-08  2.625E-07
      3.103E-08  3.197E-06  1.017E-06  3.310E-10  4.059E-11  3.900E-11  1.967E-10
      1.622E-09  4.253E-06
  3)  4.382E-08  2.361E-03  8.331E-05  1.757E-09  1.602E-02  9.724E-08  5.704E-07
      6.676E-08  6.595E-06  2.077E-06  6.696E-10  1.916E-10  1.823E-10  4.499E-10
      1.481E-09  8.200E-06
  4)  4.409E-08  2.244E-03  7.611E-05  3.031E-09  1.533E-02  1.594E-07  9.294E-07
      1.081E-07  1.022E-05  3.198E-06  1.024E-09  5.087E-10  4.809E-10  7.711E-10
      1.353E-09  1.180E-05
  5)  4.465E-08  2.118E-03  6.930E-05  4.709E-09  1.464E-02  2.338E-07  1.346E-06
      1.546E-07  1.396E-05  4.315E-06  1.365E-09  1.066E-09  9.955E-10  1.183E-09
      1.232E-09  1.520E-05
  6)  4.504E-08  2.000E-03  6.313E-05  6.825E-09  1.395E-02  3.200E-07  1.826E-06
      2.079E-07  1.789E-05  5.482E-06  1.719E-09  1.964E-09  1.817E-09  1.700E-09
      1.123E-09  1.829E-05
  7)  4.549E-08  1.882E-03  5.740E-05  9.549E-09  1.326E-02  4.212E-07  2.380E-06
      2.683E-07  2.193E-05  6.655E-06  2.066E-09  3.336E-09  3.056E-09  2.355E-09
      1.021E-09  2.115E-05
  8)  4.630E-08  1.753E-03  5.182E-05  1.327E-08  1.258E-02  5.453E-07  3.027E-06
      3.353E-07  2.600E-05  7.750E-06  2.364E-09  5.396E-09  4.858E-09  3.214E-09
      9.214E-10  2.395E-05
  9)  4.693E-08  1.634E-03  4.679E-05  1.797E-08  1.188E-02  6.886E-07  3.771E-06
      4.120E-07  3.019E-05  8.877E-06  2.671E-09  8.373E-09  7.436E-09  4.296E-09
      8.321E-10  2.646E-05
 10)  4.802E-08  1.506E-03  4.181E-05  2.463E-08  1.120E-02  8.696E-07  4.655E-06
      4.971E-07  3.433E-05  9.868E-06  2.902E-09  1.276E-08  1.107E-08  5.755E-09
      7.434E-10  2.895E-05
 
  €‰„…›… €€Œ…’›
 LOG K(16) =  11.828     ñ 1.412E-01
 
 €‰„…›… ‡€—…ˆŸ EPS 
  3)   1.671E+04 ñ  2.596E+02   8.882E+03 ñ  2.575E+02   2.696E+03 ñ  2.588E+02
 
 16)   7.408E+03 ñ  9.998E+02   2.802E+04 ñ  9.917E+02   4.311E+04 ñ  9.971E+02
 
