 
             <AFTMT>
 
Schiff Base 2PH+PLP pH 7.11                                                     
 
   .    
 
  1)    .511  .001  .566  .001  .948  .001
  2)    .890  .001  .695  .001  .905  .001
  3)   1.282  .001  .833  .001  .871  .001
  4)   1.658  .001  .952  .001  .803  .001
  5)   1.980  .001 1.057  .001  .749  .001
  6)   2.381  .001 1.197  .001  .712  .001
  7)   2.657  .001 1.296  .001  .677  .001
  8)   2.905  .001 1.364  .001  .640  .001
  9)   3.059  .001 1.425  .001  .615  .001
 10)   3.235  .001 1.466  .001  .599  .001
 
        
 
        2PH        PLP        
  1)    2.164E-05  1.981E-04
  2)    4.329E-05  1.981E-04
  3)    6.493E-05  1.981E-04
  4)    8.658E-05  1.981E-04
  5)    1.082E-04  1.981E-04
  6)    1.299E-04  1.981E-04
  7)    1.515E-04  1.981E-04
  8)    1.732E-04  1.981E-04
  9)    1.948E-04  1.981E-04
 10)    2.164E-04  1.981E-04
 
  N       LgK     
 
                 2PH     PLP     
  3)     5.000   1.000   1.000     SB                                                                              
       3
    . 
  1)     982.0       .0000       .0000    
  2)     920.0       2254.       5078.    
      . ..   3
 
          
 
  . . .   .  . 
  1)    .558 -.047  .575 -.009  .955 -.007
  2)    .929 -.039  .702 -.007  .905  .000
  3)   1.293 -.011  .826  .007  .855  .016
  4)   1.650  .008  .947  .005  .807 -.004
  5)   1.993 -.013 1.064 -.007  .761 -.012
  6)   2.319  .062 1.175  .022  .717 -.005
  7)   2.617  .040 1.275  .021  .677  .000
  8)   2.881  .024 1.363  .001  .642 -.002
  9)   3.099 -.040 1.434 -.009  .614  .001
 10)   3.270 -.035 1.489 -.023  .592  .007
  ..=1.51E-02
 
         
 
  1)  1.060E-06  1.775E-04  2.058E-05
  2)  2.379E-06  1.572E-04  4.091E-05
  3)  4.054E-06  1.372E-04  6.088E-05
  4)  6.236E-06  1.178E-04  8.034E-05
  5)  9.141E-06  9.904E-05  9.906E-05
  6)  1.312E-05  8.132E-05  1.168E-04
  7)  1.862E-05  6.522E-05  1.329E-04
  8)  2.625E-05  5.115E-05  1.469E-04
  9)  3.643E-05  3.973E-05  1.584E-04
 10)  4.929E-05  3.099E-05  1.671E-04
 
   
 LOG K( 3) =  5.0391      1.109E-01
 
   EPS 
  3)   1.952E+04   1.055E+02   8.639E+03   3.919E+01   2.541E+03   2.137E+01
 
