"wavelength"	"INH"	"INH_adj.r.squared"	"PL"	"PL_adj.r.squared"
"190"	3590	0.999994827282979	553.74149659864	-0.455282009842606
"190.5"	6890	0.150937373221465	1481.63265306123	0.101108526070891
"191"	7680	0.556556818961528	857.142857142856	-0.329034425721079
"191.5"	1280	-0.299609564250905	1821.76870748299	0.658309985937726
"192"	6810	0.934524587519779	2571.42857142857	0.534371923321945
"192.5"	2860	0.308777880892188	2376.87074829932	0.558800122578071
"193"	0	-0.442389758179234	914.285714285716	0.0212429013343183
"193.5"	5169.99999999999	0.583859728131407	374.149659863946	-0.274341300390892
"194"	8360	0.961820675820074	1921.08843537415	0.606807499574393
"194.5"	4910	0.989084338542268	1070.74829931973	0.729597988287067
"195"	3229.99999999999	-0.219082620997321	624.489795918369	-0.0638044430948432
"195.5"	10390	0.904492597998454	1014.96598639455	0.909424596474642
"196"	5460	0.644100637162806	1976.87074829932	0.969508796922528
"196.5"	3140	-0.142857142857144	1594.55782312926	0.981134082870863
"197"	3609.99999999999	-0.831133688259701	733.333333333333	0.248746166335919
"197.5"	5340	0.311697312414902	491.156462585034	0.30679130811614
"198"	11860	0.720476245226662	487.074829931971	-0.041987897269737
"198.5"	11060	0.794648489881192	851.700680272108	0.197288256227757
"199"	7860	0.378606834911247	980.952380952382	0.474781075962421
"199.5"	2710	-0.535150200647305	1069.38775510204	0.881558232452739
"200"	6450	0.773745875009593	1197.27891156462	0.689067458286418
"200.5"	6390	0.94215993734165	1325.17006802721	0.855819581538931
"201"	4650	0.940525550589629	983.673469387754	0.169195908491545
"201.5"	2330	0.29735219614778	1321.08843537415	0.456528928973613
"202"	6160	0.914117856746514	881.632653061226	0.364854176964902
"202.5"	2330	-0.674295964771242	741.496598639452	0.941052801811271
"203"	3630	0.578286074756654	1307.48299319728	0.897446269778422
"203.5"	2650	0.861908970393284	1156.46258503401	0.461896900628393
"204"	2340	-0.0954006784439849	2040.81632653061	0.67490200446985
"204.5"	7640	0.645694436873733	1647.61904761905	0.868929981610955
"205"	12030	0.739128710586845	1921.08843537414	0.865503260095339
"205.5"	3560	0.995884428019486	1823.12925170068	0.973252379389563
"206"	2110	0.0234242103811304	1512.92517006803	0.407470865093886
"206.5"	5320	0.911730137930103	2027.21088435375	0.78483957590629
"207"	4890	0.967415570097251	1695.23809523809	0.587612438001478
"207.5"	3490	0.838764706474372	2210.8843537415	0.67883115008534
"208"	4020	0.995242485101899	2291.15646258504	0.768173606100898
"208.5"	5010	0.986699980476067	2451.70068027211	0.666766316455152
"209"	6300	0.99731611171685	3510.20408163265	0.732465820384827
"209.5"	6740	0.999947170077132	4552.38095238095	0.812824638014249
"210"	6720	0.999285733259742	5904.7619047619	0.882958519174065
"210.5"	6910	0.999931587750577	6741.49659863946	0.889744868415318
"211"	6920	0.99991090421089	7793.19727891157	0.904229210036156
"211.5"	6920	0.999977725308504	8677.55102040817	0.957404640320246
"212"	6780	0.999791182689045	8751.02040816327	0.990549690004929
"212.5"	6680	0.999784884554711	9523.80952380952	0.999962653991064
"213"	6560	0.999696407384116	8908.84353741497	0.99637822917035
"213.5"	6440	0.999588577893776	8889.79591836735	0.999560807630651
"214"	6300	0.999570093269609	8481.63265306123	0.999190509966377
"214.5"	6160	0.999430926009843	8151.02040816326	0.999701915487567
"215"	6020	0.999404157655471	7710.20408163265	0.999523456662152
"215.5"	5870	0.999301786729693	7386.39455782313	0.999728589903958
"216"	5720	0.999340038864378	7035.37414965986	0.999678406878302
"216.5"	5570	0.999224579747999	6703.40136054422	0.999673443197382
"217"	5420	0.999092653670443	6425.85034013606	0.999679582206392
"217.5"	5260	0.99903664134639	6148.29931972789	0.999669977095206
"218"	5120	0.998983264534234	5921.08843537415	0.999653510188828
"218.5"	4980	0.998925326297803	5740.13605442177	0.999618017809548
"219"	4840	0.998862291799399	5606.80272108844	0.999638482615994
"219.5"	4720	0.998803741895351	5499.31972789115	0.999592833278261
"220"	4600	0.998740554156171	5425.85034013605	0.999596817282923
"220.5"	4480	0.998672225615423	5380.95238095238	0.999582970496361
"221"	4370	0.998740554156171	5375.51020408163	0.999606711584333
"221.5"	4270	0.998388829215897	5389.1156462585	0.99959722781097
"222"	4190	0.998326769412889	5424.48979591837	0.999637170153613
"222.5"	4100	0.998414899940559	5478.91156462585	0.999644340598283
"223"	4020	0.998351236160688	5551.02040816327	0.999668470061405
"223.5"	3950	0.99811746023615	5632.65306122449	0.999678007942471
"224"	3890	0.998410825754307	5722.44897959184	0.999713120174162
"224.5"	3840	0.998193184692661	5827.21088435374	0.999715003208871
"225"	3790	0.998325929086171	5925.17006802721	0.999760399239709
"225.5"	3760	0.998473325605722	6036.73469387755	0.999801468543633
"226"	3720	0.998440343124513	6152.38095238095	0.999768527120563
"226.5"	3700	0.998423449725564	6268.02721088435	0.999815848218229
"227"	3680	0.998406280435617	6386.39455782313	0.999810495534211
"227.5"	3660	0.998388829215897	6503.40136054422	0.999824078336779
"228"	3650	0.998195162435381	6625.85034013606	0.999830519764684
"228.5"	3640	0.998371089861543	6742.85714285714	0.99983976916338
"229"	3650	0.998195162435381	6847.61904761905	0.99983385894668
"229.5"	3650	0.998554869938294	6955.10204081633	0.999849857433434
"230"	3660	0.998388829215897	7069.38775510204	0.999832008959522
"230.5"	3670	0.998570566530483	7180.95238095238	0.999856998974154
"231"	3680	0.998740554156171	7299.31972789116	0.999850448628061
"231.5"	3690	0.998586008826436	7382.31292517007	0.999817422684824
"232"	3700	0.998423449725564	7480.27210884354	0.999840429860257
"232.5"	3710	0.998601202288414	7571.42857142857	0.999831948753571
"233"	3730	0.998616152232831	7647.61904761905	0.999826546763148
"233.5"	3740	0.998456966510458	7726.5306122449	0.99981333158477
"234"	3750	0.998630863834908	7810.8843537415	0.999815521187533
"234.5"	3770	0.998645342133141	7872.10884353742	0.999788367183832
"235"	3780	0.998806270808658	7946.9387755102	0.999839365480459
"235.5"	3780	0.998806270808658	7987.75510204082	0.999804456426722
"236"	3800	0.998505273064467	8021.76870748299	0.999754778031839
"236.5"	3800	0.998818795910081	8099.31972789116	0.999874468044584
"237"	3810	0.998673618314164	8114.28571428571	0.999804182499886
"237.5"	3810	0.998673618314164	8118.36734693878	0.999713326123196
"238"	3810	0.998673618314164	8142.85714285714	0.999762601883358
"238.5"	3810	0.998967198215319	8148.29931972789	0.999755226455947
"239"	3810	0.998673618314164	8141.49659863946	0.99978454991707
"239.5"	3800	0.998818795910081	8141.49659863946	0.99978454991707
"240"	3790	0.998956274875449	8106.12244897959	0.999752588609274
"240.5"	3780	0.998806270808658	8091.15646258503	0.99979619251199
"241"	3770	0.998645342133141	8051.70068027211	0.999749233340318
"241.5"	3760	0.998793545468255	8009.52380952381	0.999769517682067
"242"	3740	0.999066275391593	7979.59183673469	0.999831260276445
"242.5"	3730	0.998922444757335	7910.20408163265	0.999747813257581
"243"	3710	0.998910801940225	7851.70068027211	0.999752596334997
"243.5"	3700	0.998754124529147	7772.78911564626	0.999786508691063
"244"	3670	0.998886943100531	7695.2380952381	0.999797278670878
"244.5"	3660	0.999025030840861	7600	0.999792166810007
"245"	3640	0.99871273985277	7510.20408163265	0.999802129129939
"245.5"	3620	0.999003376316967	7387.75510204082	0.999772121353518
"246"	3610	0.998849657964968	7282.99319727891	0.999804978202676
"246.5"	3600	0.998992277555553	7142.85714285714	0.999781256393625
"247"	3580	0.998980992388637	7010.8843537415	0.9997895480819
"247.5"	3570	0.998823750823375	6861.22448979592	0.999780268383947
"248"	3550	0.998810467882633	6688.43537414966	0.999786268385015
"248.5"	3540	0.998957845931346	6518.36734693878	0.999834423923979
"249"	3530	0.999096247018685	6337.4149659864	0.999831608247233
"249.5"	3520	0.99894597588651	6133.33333333333	0.999820216979507
"250"	3520	0.99894597588651	5934.69387755102	0.999796948126132
"250.5"	3510	0.998783218144651	5719.72789115646	0.999829935244139
"251"	3510	0.99908592321755	5515.6462585034	0.99984084357771
"251.5"	3510	0.99908592321755	5293.87755102041	0.99983218390425
"252"	3520	0.99894597588651	5070.74829931973	0.999830911032497
"252.5"	3520	0.999225506647735	4840.81632653061	0.999803807276191
"253"	3530	0.999096247018685	4594.55782312925	0.999820349752466
"253.5"	3540	0.998957845931346	4372.78911564626	0.999804861806151
"254"	3560	0.998969516619173	4144.21768707483	0.999821536723992
"254.5"	3580	0.999251240133529	3918.36734693878	0.999804712928004
"255"	3600	0.999259533506109	3708.84353741497	0.999805436999801
"255.5"	3630	0.999145333724423	3497.95918367347	0.999724560616706
"256"	3650	0.999154670321426	3292.51700680272	0.999723430553754
"256.5"	3680	0.999291366481635	3111.56462585034	0.999688614352986
"257"	3710	0.999181780329806	2942.85714285714	0.999715992567511
"257.5"	3750	0.999199135635147	2765.98639455782	0.999678517649478
"258"	3780	0.99908592321755	2606.80272108844	0.99967155610508
"258.5"	3820	0.999104957439813	2458.50340136054	0.999556367232408
"259"	3850	0.999240183075415	2340.13605442177	0.999543811036394
"259.5"	3890	0.999009220851278	2227.21088435374	0.999459476598769
"260"	3930	0.999029277005514	2117.00680272109	0.999502052073957
"260.5"	3970	0.999048730372137	2016.32653061225	0.999524810880192
"261"	4010	0.999067604863373	1926.5306122449	0.999398761628429
"261.5"	4050	0.99908592321755	1843.53741496599	0.999452821508198
"262"	4100	0.999222986901779	1771.42857142857	0.999384397664957
"262.5"	4130	0.999339683829678	1712.92517006803	0.99926790280322
"263"	4170	0.999137752638477	1663.94557823129	0.999111996071134
"263.5"	4210	0.999154052651763	1613.60544217687	0.999143100753162
"264"	4250	0.999169894853348	1567.34693877551	0.999213737008586
"264.5"	4290	0.999388004895961	1536.05442176871	0.999089708055809
"265"	4330	0.999200272973492	1503.40136054422	0.999177372421103
"265.5"	4360	0.999102610841583	1477.55102040816	0.998978139298424
"266"	4390	0.999221975559659	1459.86394557823	0.998846569433656
"266.5"	4420	0.999126798420051	1444.89795918367	0.999074910946887
"267"	4450	0.999242806663301	1427.21088435374	0.998945671668899
"267.5"	4470	0.999249564747554	1423.12925170068	0.998898549665729
"268"	4500	0.999354940628209	1419.04761904762	0.998779317281065
"268.5"	4520	0.999164992302273	1414.96598639456	0.998725196763108
"269"	4550	0.999275712216321	1417.68707482993	0.999039081052225
"269.5"	4570	0.999282035572744	1423.12925170068	0.998898549665729
"270"	4590	0.999288276490349	1431.2925170068	0.999057251219072
"270.5"	4600	0.999193771887834	1435.37414965986	0.999151442771774
"271"	4620	0.999200734325339	1448.97959183673	0.999167294500178
"271.5"	4640	0.999207606973059	1462.58503401361	0.999182706236946
"272"	4650	0.999109349671168	1480.27210884354	0.999270467441232
"272.5"	4660	0.999214391368125	1499.31972789116	0.999140811455847
"273"	4660	0.999214391368125	1521.08843537415	0.999309076369452
"273.5"	4670	0.999312443849581	1544.21768707483	0.999266791066489
"274"	4670	0.999312443849581	1571.42857142857	0.999291951852726
"274.5"	4660	0.999214391368125	1594.55782312925	0.999262148356206
"275"	4660	0.999214391368125	1631.2925170068	0.999234531593822
"275.5"	4660	0.999214391368125	1662.58503401361	0.999321266968326
"276"	4640	0.999207606973059	1697.95918367347	0.999445471349353
"276.5"	4630	0.999300516685009	1738.77551020408	0.999452836193601
"277"	4630	0.999300516685009	1780.95238095238	0.999357723506095
"277.5"	4620	0.999200734325339	1829.93197278912	0.999444657801453
"278"	4610	0.999093833679286	1880.27210884354	0.999453580513132
"278.5"	4600	0.999193771887834	1925.17006802721	0.999498226317405
"279"	4610	0.999294436395793	1980.95238095238	0.99943133057329
"279.5"	4600	0.999193771887834	2043.53741496599	0.999497509704178
"280"	4590	0.99908592321755	2107.48299319728	0.999516285270866
"280.5"	4600	0.999193771887834	2175.51020408163	0.999499150589114
"281"	4590	0.99908592321755	2247.61904761905	0.999584594081748
"281.5"	4580	0.999186718089804	2323.80952380952	0.999662773482481
"282"	4580	0.998970801250286	2401.36054421769	0.999638957308708
"282.5"	4580	0.999186718089804	2480.27210884354	0.999564118106245
"283"	4560	0.999179571326018	2556.46258503401	0.999637264104862
"283.5"	4560	0.999179571326018	2646.25850340136	0.999702677881216
"284"	4540	0.999172329955836	2737.41496598639	0.99968288466288
"284.5"	4540	0.999172329955836	2832.65306122449	0.999655420552988
"285"	4530	0.999061560342644	2931.97278911565	0.999719046393944
"285.5"	4520	0.999164992302273	3023.12925170068	0.999697465514309
"286"	4500	0.999157556651024	3126.5306122449	0.999745536474999
"286.5"	4500	0.998933901918977	3223.12925170068	0.999696969427048
"287"	4500	0.999157556651024	3318.36734693878	0.999714110680008
"287.5"	4500	0.999157556651024	3421.76870748299	0.999755779683241
"288"	4510	0.999053222646652	3536.05442176871	0.999703824745953
"288.5"	4510	0.999053222646652	3639.45578231293	0.999742205200469
"289"	4530	0.999061560342644	3744.21768707483	0.999723560707072
"289.5"	4540	0.999172329955836	3847.61904761905	0.999756965975237
"290"	4540	0.999172329955836	3952.38095238095	0.999738759397405
"290.5"	4550	0.999275712216321	4047.61904761905	0.999750906423847
"291"	4560	0.999179571326018	4156.46258503401	0.999763779401028
"291.5"	4570	0.999077908735299	4259.86394557823	0.999789791152768
"292"	4590	0.999288276490349	4351.02040816327	0.999771819849131
"292.5"	4600	0.999193771887834	4450.34013605442	0.99976815456736
"293"	4610	0.999294436395793	4541.49659863946	0.999790556183707
"293.5"	4610	0.999093833679286	4631.2925170068	0.999771679647389
"294"	4630	0.999101641912601	4719.72789115646	0.999729065850458
"294.5"	4630	0.999101641912601	4801.36054421769	0.999738198773846
"295"	4640	0.999207606973059	4887.07482993197	0.999772636042534
"295.5"	4640	0.999207606973059	4961.90476190476	0.999787333128109
"296"	4650	0.999109349671168	5031.2925170068	0.999759164753535
"296.5"	4650	0.999109349671168	5099.31972789116	0.999765546595301
"297"	4650	0.999109349671168	5161.90476190476	0.999780780659797
"297.5"	4650	0.999306518723994	5213.60544217687	0.999726695218188
"298"	4650	0.999306518723994	5266.66666666667	0.999802423696078
"298.5"	4640	0.999207606973059	5306.12244897959	0.999800815407816
"299"	4630	0.999101641912601	5344.21768707483	0.999786538857834
"299.5"	4630	0.999101641912601	5365.98639455782	0.999760503213216
"300"	4630	0.999300516685009	5385.03401360544	0.999753388042383
"300.5"	4610	0.999093833679286	5406.80272108844	0.999764104953669
"301"	4600	0.999193771887834	5414.96598639456	0.999808741341285
"301.5"	4580	0.999186718089804	5410.8843537415	0.999787025227933
"302"	4570	0.999077908735299	5405.44217687075	0.99979419638884
"302.5"	4550	0.999275712216321	5379.59183673469	0.99976171290434
"303"	4540	0.999172329955836	5361.90476190476	0.999774620722598
"303.5"	4520	0.999360634667954	5321.08843537415	0.999771150369764
"304"	4500	0.999354940628209	5277.55102040816	0.999791278137332
"304.5"	4470	0.999249564747554	5228.57142857143	0.999780039219231
"305"	4460	0.999343321986652	5170.06802721088	0.999790195554362
"305.5"	4420	0.999331386622274	5096.59863945578	0.999792225707295
"306"	4400	0.999325296559701	5016.32653061225	0.999791921876189
"306.5"	4370	0.99921484056029	4921.08843537415	0.999783791219814
"307"	4350	0.999207606973059	4834.01360544218	0.999823449669889
"307.5"	4310	0.999393669768877	4733.33333333333	0.999785133217818
"308"	4290	0.999185296226292	4619.04761904762	0.99978269723479
"308.5"	4250	0.999169894853348	4493.87755102041	0.999751732442906
"309"	4210	0.999364532649485	4361.90476190476	0.999765954218077
"309.5"	4180	0.999252433405547	4225.85034013605	0.999750643600682
"310"	4140	0.999440050395465	4089.79591836735	0.999783564632956
"310.5"	4100	0.999222986901779	3948.29931972789	0.999826181526326
"311"	4060	0.999207606973059	3790.47619047619	0.999798269705417
"311.5"	4030	0.999306518723994	3640.81632653061	0.999781346603333
"312"	3990	0.999292549584321	3476.19047619048	0.999809308063971
"312.5"	3940	0.99915862495278	3317.00680272109	0.99982437665488
"313"	3900	0.999141284918159	3164.62585034014	0.999771580639796
"313.5"	3860	0.999123403341801	3013.60544217687	0.999807412283428
"314"	3810	0.999224151386887	2846.25850340136	0.999802606327564
"314.5"	3770	0.999207606973059	2681.63265306123	0.999840164931259
"315"	3720	0.999306518723994	2518.36734693878	0.999818771586537
"315.5"	3680	0.999291366481635	2364.62585034014	0.999813308087997
"316"	3630	0.999145333724423	2214.96598639456	0.999787230831912
"316.5"	3590	0.999126190500812	2074.82993197279	0.999774288201722
"317"	3540	0.998957845931346	1934.69387755102	0.999750793603703
"317.5"	3490	0.999337936770226	1798.63945578231	0.999711673779476
"318"	3440	0.999189079605352	1661.22448979592	0.999784716190885
"318.5"	3390	0.999298314795699	1538.77551020408	0.999749096238398
"319"	3340	0.999139815777212	1410.8843537415	0.999824266965444
"319.5"	3290	0.999255027028358	1307.48299319728	0.999717439198004
"320"	3240	0.99908592321755	1208.16326530612	0.99962725359434
"320.5"	3190	0.999207606973059	1111.56462585034	0.999716902705901
"321"	3140	0.999026803454848	1017.68707482993	0.99947471859925
"321.5"	3080	0.998988536749831	936.054421768708	0.99937914431727
"322"	3040	0.998961758089635	858.503401360544	0.999344772616014
"322.5"	2990	0.999098105275711	790.476190476191	0.999227204761129
"323"	2930	0.999060806929848	730.612244897959	0.999344875994385
"323.5"	2880	0.999196567737374	668.027210884354	0.99891815713664
"324"	2830	0.998993294174418	617.687074829932	0.998807446189645
"324.5"	2770	0.998949233200757	572.789115646258	0.998528872981428
"325"	2720	0.999099310071515	530.612244897959	0.998817500985416
"325.5"	2670	0.999242806663301	495.238095238095	0.998145635459068
"326"	2620	0.999029277005514	462.585034013606	0.998444521258209
"326.5"	2570	0.999182759246928	436.734693877551	0.997471297776486
"327"	2520	0.998950748116593	417.687074829932	0.997997350993377
"327.5"	2470	0.999115276230421	394.557823129252	0.9978627404417
"328"	2410	0.999070695945481	382.312925170068	0.996701838630189
"328.5"	2360	0.999234229922466	367.34693877551	0.997534921939195
"329"	2320	0.999207606973059	355.102040816327	0.996178343949045
"329.5"	2270	0.998952595236248	345.578231292517	0.996196660482375
"330"	2220	0.998648210230345	341.496598639456	0.99586861891571
"330.5"	2180	0.999102610841583	336.054421768708	0.996908481230065
"331"	2110	0.99878782436922	331.972789115646	0.995879396984925
"331.5"	2070	0.99923792341908	331.972789115646	0.995879396984925
"332"	2020	0.998954897285999	331.972789115646	0.995879396984925
"332.5"	1980	0.998912267582175	336.054421768708	0.995929709848794
"333"	1930	0.999123403341801	336.054421768708	0.996908481230065
"333.5"	1890	0.99908592321755	344.21768707483	0.997987362508776
"334"	1840	0.999291366481635	345.578231292517	0.996196660482375
"334.5"	1790	0.998980992388637	353.741496598639	0.997341996455995
"335"	1740	0.999207606973058	359.183673469388	0.996478671628972
"335.5"	1700	0.999169894853348	368.707482993197	0.996454526930653
"336"	1650	0.998800841857961	375.510204081633	0.998347757671125
"336.5"	1620	0.99908592321755	385.034013605442	0.998391019644528
"337"	1570	0.999324068566485	394.557823129252	0.9978627404417
"337.5"	1520	0.998961758089635	404.081632653061	0.997860417727968
"338"	1490	0.998529676528836	412.244897959184	0.998596223951249
"338.5"	1450	0.999207606973059	421.768707482993	0.998129287050509
"339"	1400	0.998776259433	439.455782312925	0.998764545323948
"339.5"	1360	0.998703263453641	448.979591836735	0.998623853211009
"340"	1320	0.998623537508603	458.503401360544	0.998337657768591
"340.5"	1280	0.999349170191995	472.108843537415	0.998431990708093
"341"	1240	0.999306518723994	485.714285714286	0.998518518518518
"341.5"	1210	0.998862291799399	499.319727891157	0.998598078848793
"342"	1170	0.998783218144651	512.925170068027	0.998671399950793
"342.5"	1140	0.999179571326018	526.530612244898	0.998739117382168
"343"	1100	0.999118845687851	540.136054421769	0.998801787808666
"343.5"	1070	0.999476074048201	552.380952380952	0.999417828987265
"344"	1030	0.999434602336977	565.986394557823	0.999445471349353
"344.5"	1000	0.998933901918977	580.952380952381	0.998964128141185
"345"	970	0.999362515937102	598.639455782313	0.999225606608157
"345.5"	930	0.999306518723994	606.802721088435	0.999517539451201
"346"	900	0.998683994077973	625.850340136054	0.999291450165328
"346.5"	880	0.998623537508603	639.455782312925	0.999321266968326
"347"	849.999999999999	0.999169894853348	657.142857142857	0.999447241564006
"347.5"	809.999999999999	0.99908592321755	670.748299319728	0.999469430563267
"348"	790	0.999039077514414	688.43537414966	0.999625146427177
"348.5"	769.999999999999	0.998988536749832	703.401360544218	0.999293233363872
"349"	740	0.999513145082765	715.646258503401	0.999653103996531
"349.5"	719.999999999999	0.999485728979172	734.69387755102	0.999485773054508
"350"	690	0.999859983197984	751.020408163265	0.999822799763733
"350.5"	670	0.9998514998515	770.068027210884	0.999700393233881
"351"	630	0.999832045683574	787.755102040816	0.999758421688364
"351.5"	620	0.999306518723994	805.442176870748	0.999845934379458
"352"	590	0.998277841561424	819.047619047619	0.999851009822315
"352.5"	569.999999999999	0.999794829708658	840.816326530612	0.999937162905168
"353"	550	0.999779638607316	859.863945578231	0.99986481750363
"353.5"	530	0.999762695775985	877.551020408163	0.999891841222915
"354"	510	0.999743721168631	896.598639455783	0.999813508006492
"354.5"	490	0.999722376457523	918.367346938776	0.999901241070547
"355"	470	0.999698249849125	931.972789115646	0.999904103312698
"355.5"	450	0.999670836076366	951.020408163266	0.999834238880191
"356"	430	0.996760259179266	968.707482993197	0.999893486922561
"356.5"	409.999999999999	0.999603489294211	991.836734693877	0.999847599695199
"357"	400	1	1013.60544217687	0.999918926953185
"357.5"	380	1	1027.21088435374	0.999921060248572
"358"	360	0.997944501541624	1050.34013605442	0.999859069861083
"358.5"	350	0.999455930359086	1068.02721088435	0.999926978280095
"359"	340	1	1091.15646258503	0.999869415166496
"359.5"	320	1	1108.84353741497	0.999932254932217
"360"	310	0.999306518723994	1130.61224489796	0.999969590558593
"360.5"	300	0.997041420118343	1145.57823129252	0.9998815266142
"361"	280	0.99660441426146	1167.34693877551	0.999926650366748
"361.5"	270	0.99908592321755	1186.39455782313	0.999889537636105
"362"	250	0.998933901918977	1208.16326530612	0.999931522483451
"362.5"	240	0.995381062355658	1225.85034013605	0.999974132037472
"363"	230	0.998740554156171	1244.89795918367	0.999874596169809
"363.5"	220	0.994505494505495	1262.58503401361	0.999937298251318
"364"	220	1	1280.27210884354	0.999908529871772
"364.5"	210	0.998489425981873	1303.40136054422	0.999941163652212
"365"	200	0.993355481727575	1321.08843537415	0.999977727222107
"365.5"	190	0.998154981549816	1340.13605442177	0.999953620439987
"366"	180	0.991803278688525	1361.90476190476	0.999979042229907
"366.5"	170	0.997695852534562	1379.59183673469	0.99996498803758
"367"	170	0.997695852534562	1393.19727891156	0.999965668510395
"367.5"	150	0.997041420118343	1410.8843537415	0.999935838722726
"368"	150	0.997041420118343	1429.93197278912	0.999980988851319
"368.5"	140	0.986486486486487	1448.97959183673	0.999907431488281
"369"	140	0.986486486486487	1470.74829931973	0.999982029394776
"369.5"	130	0.996062992125984	1488.43537414966	0.999969921294053
"370"	120	0.981651376146789	1506.12244897959	0.999943696220711
"370.5"	120	1	1525.17006802721	0.999935545219803
"371"	110	0.951612903225807	1538.77551020408	0.99993667991698
"371.5"	99.9999999999997	0.973684210526316	1556.46258503401	0.999903730077474
"372"	99.9999999999998	0.973684210526316	1579.59183673469	0.999939909864797
"372.5"	99.9999999999998	0.973684210526316	1593.19727891156	0.999940931746998
"373"	99.9999999999999	0.973684210526316	1610.8843537415	0.999910124541707
"373.5"	89.9999999999998	0.991803278688525	1628.57142857143	0.999951844394583
"374"	80	0.959183673469387	1642.1768707483	0.999952639002811
"374.5"	79.9999999999997	0.959183673469388	1655.78231292517	0.999953414104724
"375"	79.9999999999997	0.959183673469388	1677.55102040816	0.999954615265715
"375.5"	69.9999999999997	0.986486486486487	1696.59863945578	0.999955628579054
"376"	69.9999999999999	0.884615384615385	1704.7619047619	0.999956052494976
"376.5"	69.9999999999999	0.986486486486487	1718.36734693878	0.999956745642437
"377"	59.9999999999997	0.928571428571431	1733.33333333333	0.999922373641539
"377.5"	59.9999999999999	0.741935483870969	1746.9387755102	0.999923578005022
"378"	59.9999999999998	0.92857142857143	1764.62585034014	0.999958983626145
"378.5"	49.9999999999998	0.785714285714287	1778.23129251701	0.99995960884976
"379"	49.9999999999997	0.973684210526317	1791.83673469388	0.999960219886021
"379.5"	49.9999999999998	0.785714285714288	1805.44217687075	0.999960817160948
"380"	49.9999999999998	0.785714285714288	1814.96598639456	0.999929199163876
"380.5"	49.9999999999998	0.785714285714288	1827.21088435374	0.99996174519528
"381"	40	0.846153846153846	1836.73469387755	0.999934159268729
"381.5"	40	0.846153846153846	1850.34013605442	0.999935123913326
"382"	29.9999999999998	0.500000000000002	1863.94557823129	0.999936067512706
"382.5"	39.9999999999998	0.846153846153849	1872.10884353742	0.999933455156169
"383"	39.9999999999998	0.846153846153849	1881.63265306122	0.99996392600125
"383.5"	29.9999999999998	0.500000000000002	1889.79591836735	0.99989582550513
"384"	29.9999999999998	0.500000000000002	1899.31972789116	0.999935348145107
"384.5"	29.9999999999998	0.500000000000002	1904.76190476191	0.999938778009061
"385"	29.9999999999998	0.928571428571429	1918.36734693878	0.999939643291855
"385.5"	29.9999999999998	0.500000000000005	1922.44897959184	0.999905343580267
"386"	29.9999999999998	0.500000000000005	1930.61224489796	0.999900183493528
"386.5"	29.9999999999998	0.500000000000005	1937.41496598639	0.999937865533124
"387"	29.9999999999998	0.500000000000005	1945.57823129252	0.999941319719508
"387.5"	19.9999999999998	-0.142857142857139	1945.57823129252	0.999941319719508
"388"	19.9999999999997	0.50000000000001	1953.74149659864	0.999938899611091
"388.5"	19.9999999999997	0.50000000000001	1953.74149659864	0.999938899611091
"389"	19.9999999999997	0.50000000000001	1963.26530612245	0.999966863484761
"389.5"	19.9999999999997	0.50000000000001	1963.26530612245	0.999909238249595
"390"	9.9999999999999	-0.499999999999997	1967.34693877551	0.999939741750359
"390.5"	9.9999999999999	-0.499999999999997	1967.34693877551	0.999939741750359
"391"	19.9999999999999	-0.142857142857144	1967.34693877551	0.999939741750359
"391.5"	19.9999999999999	-0.142857142857144	1971.42857142857	0.999961422233653
"392"	19.9999999999998	0.500000000000007	1972.78911564626	0.999942927260794
"392.5"	19.9999999999998	0.500000000000007	1972.78911564626	0.999942927260794
"393"	19.9999999999998	0.500000000000007	1972.78911564626	0.999942927260794
"393.5"	9.99999999999983	-0.499999999999996	1971.42857142857	0.999961422233653
"394"	9.99999999999983	-0.499999999999996	1971.42857142857	0.99990427363453
"394.5"	9.99999999999983	-0.499999999999996	1972.78911564626	0.999942927260794
"395"	9.99999999999983	-0.499999999999996	1967.34693877551	0.999939741750359
"395.5"	9.99999999999983	-0.499999999999996	1961.90476190476	0.999930751252729
"396"	9.99999999999983	-0.499999999999996	1957.8231292517	0.999960884210018
"396.5"	9.99999999999983	-0.499999999999996	1953.74149659864	0.999938899611091
"397"	9.99999999999983	-0.499999999999996	1949.65986394558	0.999907967170088
"397.5"	9.99999999999983	-0.499999999999996	1944.21768707483	0.999960334852198
"398"	9.99999999999983	-0.499999999999996	1940.13605442177	0.999938039693936
"398.5"	0	-1	1930.61224489796	0.999959773839587
"399"	9.99999999999977	-0.5	1926.5306122449	0.999937161494958
"399.5"	9.99999999999977	-0.5	1917.00680272109	0.999959200840161
"400"	9.99999999999977	-0.5	1912.92517006803	0.99993626449224
"400.5"	NA	NA	1903.40136054422	0.999897309351746
"401"	NA	NA	1891.15646258503	0.999937893985032
"401.5"	NA	NA	1880.27210884354	0.999924608119287
"402"	NA	NA	1872.10884353742	0.999933455156169
"402.5"	NA	NA	1862.58503401361	0.999892759677639
"403"	NA	NA	1853.0612244898	0.999922377825932
"403.5"	NA	NA	1839.45578231293	0.999921225382932
"404"	NA	NA	1825.85034013605	0.999920047083384
"404.5"	NA	NA	1812.24489795918	0.999918842147978
"405"	NA	NA	1798.63945578231	0.99991760976782
"405.5"	NA	NA	1785.03401360544	0.999916349103076
"406"	NA	NA	1772.78911564626	0.999959360487203
"406.5"	NA	NA	1753.74149659864	0.999951251072025
"407"	NA	NA	1736.05442176871	0.999922616781104
"407.5"	NA	NA	1722.44897959184	0.999921389533578
"408"	NA	NA	1704.76190476191	0.999956052494976
"408.5"	NA	NA	1685.71428571429	0.999947237285651
"409"	NA	NA	1663.94557823129	0.999953870067356
"409.5"	NA	NA	1650.34013605442	0.999953106363602
"410"	NA	NA	1628.57142857143	0.999951844394583
"410.5"	NA	NA	1613.60544217687	0.999974406733873
"411"	NA	NA	1591.83673469388	0.999912343496618
"411.5"	NA	NA	1568.7074829932	0.999948099033062
"412"	NA	NA	1549.65986394558	0.999937566239522
"412.5"	NA	NA	1526.5306122449	0.999957106090935
"413"	NA	NA	1504.7619047619	0.999897001602197
"413.5"	NA	NA	1482.99319727891	0.99997475002525
"414"	NA	NA	1463.94557823129	0.999968906546899
"414.5"	NA	NA	1440.81632653061	0.999927777554869
"415"	NA	NA	1421.76870748299	0.999903854518151
"415.5"	NA	NA	1391.83673469388	0.999934070659055
"416"	NA	NA	1374.14965986395	0.999970591695095
"416.5"	NA	NA	1351.02040816327	0.999930027025794
"417"	NA	NA	1327.89115646258	0.999962208692001
"417.5"	NA	NA	1306.12244897959	0.999967448623077
"418"	NA	NA	1277.55102040816	0.99990813983159
"418.5"	NA	NA	1255.78231292517	0.99991901170809
"419"	NA	NA	1234.01360544218	0.99991612930673
"419.5"	NA	NA	1209.52380952381	0.999897517001423
"420"	NA	NA	1183.67346938776	0.999960365692544
"420.5"	NA	NA	1160.54421768707	0.999905174842474
"421"	NA	NA	1142.85714285714	0.999957484198294
"421.5"	NA	NA	1115.6462585034	0.999955385027215
"422"	NA	NA	1087.07482993197	0.999873131230862
"422.5"	NA	NA	1065.30612244898	0.999985320382649
"423"	NA	NA	1042.1768707483	0.999938648215686
"423.5"	NA	NA	1020.40816326531	0.999946668562895
"424"	NA	NA	997.278911564626	0.999983249425362
"424.5"	NA	NA	974.149659863946	0.999929780759928
"425"	NA	NA	948.299319727891	0.999981474429567
"425.5"	NA	NA	925.170068027211	1
"426"	NA	NA	902.040816326531	0.999979525678212
"426.5"	NA	NA	882.993197278911	0.999950144225633
"427"	NA	NA	857.142857142857	0.999924418018744
"427.5"	NA	NA	839.455782312925	0.999976359027568
"428"	NA	NA	816.326530612245	0.999916671296039
"428.5"	NA	NA	789.115646258503	0.999910825753522
"429"	NA	NA	771.428571428572	0.999972005785471
"429.5"	NA	NA	749.659863945578	0.999930833456845
"430"	NA	NA	730.612244897959	0.999968790637191
"430.5"	NA	NA	708.843537414966	0.999922639111455
"431"	NA	NA	689.795918367347	0.99996498803758
"431.5"	NA	NA	670.748299319728	0.999962971343934
"432"	NA	NA	648.979591836735	0.999960445645725
"432.5"	NA	NA	629.931972789116	0.999958017492711
"433"	NA	NA	608.163265306123	0.999954958336461
"433.5"	NA	NA	590.47619047619	0.999968146103207
"434"	NA	NA	576.87074829932	0.999966625876071
"434.5"	NA	NA	553.74149659864	0.999945670218225
"435"	NA	NA	536.054421768707	0.999961350167483
"435.5"	NA	NA	518.367346938776	0.999855346995006
"436"	NA	NA	499.319727891156	0.999933182374995
"436.5"	NA	NA	481.632653061225	0.99995212256623
"437"	NA	NA	468.027210884354	0.999949298631063
"437.5"	NA	NA	454.421768707483	0.99994621728218
"438"	NA	NA	436.734693877551	0.999796225316579
"438.5"	NA	NA	421.768707482993	1
"439"	NA	NA	405.442176870748	0.999729790587706
"439.5"	NA	NA	390.476190476191	0.999890743550835
"440"	NA	NA	376.87074829932	0.999882713233857
"440.5"	NA	NA	363.265306122449	0.999873763938565
"441"	NA	NA	353.741496598639	1
"441.5"	NA	NA	340.136054421769	1
"442"	NA	NA	326.530612244898	1
"442.5"	NA	NA	314.285714285714	0.999606557377049
"443"	NA	NA	300.680272108844	0.999570156585815
"443.5"	NA	NA	287.074829931973	0.999528460761199
"444"	NA	NA	277.551020408163	0.999855838539164
"444.5"	NA	NA	263.945578231293	0.999840595111583
"445"	NA	NA	255.78231292517	0.999321266968326
"445.5"	NA	NA	246.258503401361	0.999359267734554
"446"	NA	NA	232.65306122449	0.999282173987353
"446.5"	NA	NA	223.12925170068	0.999776951672863
"447"	NA	NA	214.965986394558	0.999039231385108
"447.5"	NA	NA	205.442176870748	0.999079552925707
"448"	NA	NA	195.918367346939	0.999710703953713
"448.5"	NA	NA	187.755102040816	0.998740818467996
"449"	NA	NA	178.231292517007	0.998777292576419
"449.5"	NA	NA	174.149659863946	0.998536585365854
"450"	NA	NA	168.707482993197	0.99960988296489
"450.5"	NA	NA	155.102040816327	0.999538461538461
"451"	NA	NA	151.020408163265	0.998297527361168
"451.5"	NA	NA	142.857142857143	0.995929443690638
"452"	NA	NA	137.414965986395	0.997944199706314
"452.5"	NA	NA	129.251700680272	0.995030369961347
"453"	NA	NA	122.448979591837	1
"453.5"	NA	NA	114.285714285714	0.999150141643059
"454"	NA	NA	110.204081632653	0.99680608365019
"454.5"	NA	NA	106.122448979592	0.996065573770492
"455"	NA	NA	102.040816326531	0.992042440318302
"455.5"	NA	NA	96.5986394557823	0.995845697329377
"456"	NA	NA	87.0748299319728	0.998536585365854
"456.5"	NA	NA	82.9931972789116	0.994377510040161
"457"	NA	NA	82.9931972789116	0.994377510040161
"457.5"	NA	NA	77.5510204081633	0.997235023041475
"458"	NA	NA	69.3877551020408	0.991969407265775
"458.5"	NA	NA	65.3061224489796	0.976923076923077
"459"	NA	NA	65.3061224489796	0.989655172413793
"459.5"	NA	NA	61.2244897959184	0.978102189781022
"460"	NA	NA	55.7823129251701	0.987610619469027
"460.5"	NA	NA	51.7006802721088	0.963513513513513
"461"	NA	NA	51.7006802721088	0.983561643835616
"461.5"	NA	NA	47.6190476190476	0.964143426294821
"462"	NA	NA	42.1768707482993	0.978461538461538
"462.5"	NA	NA	38.0952380952381	0.97
"463"	NA	NA	42.1768707482993	0.978461538461538
"463.5"	NA	NA	38.0952380952381	0.97
"464"	NA	NA	34.0136054421769	0.931297709923664
"464.5"	NA	NA	34.0136054421769	0.931297709923664
"465"	NA	NA	28.5714285714286	0.953846153846154
"465.5"	NA	NA	24.4897959183673	0.929411764705882
"466"	NA	NA	28.5714285714286	0.953846153846154
"466.5"	NA	NA	24.4897959183674	0.929411764705882
"467"	NA	NA	24.4897959183674	0.929411764705882
"467.5"	NA	NA	19.0476190476191	0.97
"468"	NA	NA	20.4081632653061	0.823529411764706
"468.5"	NA	NA	14.9659863945578	0.844444444444444
"469"	NA	NA	14.9659863945578	0.844444444444444
"469.5"	NA	NA	14.9659863945578	0.844444444444444
"470"	NA	NA	10.8843537414966	0.7
"470.5"	NA	NA	14.9659863945578	0.844444444444445
"471"	NA	NA	14.9659863945578	0.844444444444445
"471.5"	NA	NA	10.8843537414966	0.7
"472"	NA	NA	10.8843537414966	0.7
"472.5"	NA	NA	9.52380952380952	0.836363636363636
"473"	NA	NA	5.4421768707483	0.7
"473.5"	NA	NA	5.4421768707483	0.7
"474"	NA	NA	6.80272108843538	0.181818181818182
"474.5"	NA	NA	6.80272108843538	0.181818181818182
"475"	NA	NA	6.80272108843538	0.181818181818182
"475.5"	NA	NA	1.36054421768708	-0.4
"476"	NA	NA	1.36054421768708	-0.4
"476.5"	NA	NA	1.36054421768708	-0.4
"477"	NA	NA	1.36054421768708	-0.4
"477.5"	NA	NA	1.36054421768708	-0.4
"478"	NA	NA	0	-0.2
"478.5"	NA	NA	0	-0.2
"479"	NA	NA	0	-0.2
"479.5"	NA	NA	0	-0.35
"480"	NA	NA	0	-0.35
"480.5"	NA	NA	0	-0.35
"481"	NA	NA	0	-0.35
"481.5"	NA	NA	0	-0.35
"482"	NA	NA	0	-0.35
"482.5"	NA	NA	0	-0.35
"483"	NA	NA	0	-0.35
"483.5"	NA	NA	0	-0.35
"484"	NA	NA	0	-0.35
"484.5"	NA	NA	0	0.181818181818182
"485"	NA	NA	0	0.181818181818182
"485.5"	NA	NA	0	0.181818181818182
"486"	NA	NA	0	0.181818181818182
"486.5"	NA	NA	0	0.181818181818182
"487"	NA	NA	0	0.181818181818182
"487.5"	NA	NA	0	0.181818181818182
"488"	NA	NA	0	0.181818181818182
"488.5"	NA	NA	0	0.181818181818182
"489"	NA	NA	0	0.181818181818182
"489.5"	NA	NA	0	0.181818181818182
"490"	NA	NA	0	0.181818181818182
"490.5"	NA	NA	0	0.181818181818182
"491"	NA	NA	0	0.181818181818182
"491.5"	NA	NA	0	0.181818181818182
"492"	NA	NA	0	0.181818181818182
"492.5"	NA	NA	0	0.181818181818182
"493"	NA	NA	0	0.181818181818182
"493.5"	NA	NA	0	0.181818181818182
"494"	NA	NA	0	0.181818181818182
"494.5"	NA	NA	0	0.181818181818182
"495"	NA	NA	0	0.181818181818182
"495.5"	NA	NA	0	0.181818181818182
"496"	NA	NA	0	0.181818181818182
"496.5"	NA	NA	0	0.181818181818182
"497"	NA	NA	0	0.181818181818182
"497.5"	NA	NA	0	0.181818181818182
"498"	NA	NA	0	0.181818181818182
"498.5"	NA	NA	0	0.181818181818182
"499"	NA	NA	0	0.181818181818182
"499.5"	NA	NA	0	0.181818181818182
"500"	NA	NA	0	0.181818181818182
