             <RRSU>
123

                       
 N         log K


          1       2       3
 - - - - - - - - - - -
 1)    1.000    0.000    0.000    0.000
 2)    0.000    1.000    0.000    0.000
 3)    0.000    0.000    1.000    0.000
 4)    1.000    1.000    0.000    3.140
 5)    0.000    1.000    1.000    1.450
 6)    0.000    2.000    1.000    2.790
 7)   -1.000    0.000    1.000   -8.900
 8)   -1.000    0.000    0.000  -13.880

  p[C]
 1)       1.0000
 2)       2.0000
 3)       4.0000

 N             
             1            2            3
 1)    1.010E-0001  1.000E-0003  5.000E-0003
 2)    1.092E-0002  1.000E-0003  5.000E-0003
 3)    1.171E-0003  1.000E-0002  5.000E-0003

                                
N .                       

 1)    1.000E-0001  7.185E-0006  4.999E-0003  9.918E-0004  1.012E-0006
       1.591E-0010  6.293E-0011  1.318E-0013
 2)    1.000E-0002  6.691E-0005  4.991E-0003  9.237E-0004  9.412E-0006
       1.378E-0008  6.282E-0010  1.318E-0012
 3)    9.999E-0005  7.762E-0003  3.981E-0003  1.071E-0003  8.709E-0004
       1.479E-0004  5.012E-0008  1.318E-0010

      (%)   2    [1]

     1     2     3
p[1]    1.00  2.00  4.00
 - - - - - - - - - - - -
 2   |    1     7    78 
 4   |   99    92    11 
 5   |    0     1     9 
 6   |    0     0     3 
