 
             <AFTMT>
 
Zn + Schiff Base INH+PLP pH 12                                                  
 
   .    
 
  1)   1.041  .003  .931  .003  .652  .003
  2)   1.057  .003  .792  .003  .759  .003
  3)   1.138  .003  .719  .003  .886  .003
  4)   1.202  .003  .656  .003  .935  .003
  5)   1.264  .003  .623  .003 1.071  .003
  6)   1.342  .003  .600  .003 1.183  .003
  7)   1.360  .003  .597  .003 1.215  .003
  8)   1.366  .003  .594  .003 1.231  .003
  9)   1.373  .003  .593  .003 1.245  .003
 10)   1.379  .003  .594  .003 1.255  .003
 
        
 
        H          L          Zn         
  1)    1.000E-12  9.884E-05  1.000E-19
  2)    1.000E-12  9.864E-05  1.081E-05
  3)    1.000E-12  9.864E-05  2.162E-05
  4)    1.000E-12  9.864E-05  3.243E-05
  5)    1.000E-12  9.864E-05  4.324E-05
  6)    1.000E-12  9.864E-05  6.486E-05
  7)    1.000E-12  9.864E-05  7.567E-05
  8)    1.000E-12  9.864E-05  8.648E-05
  9)    1.000E-12  9.864E-05  9.729E-05
 10)    1.000E-12  9.864E-05  1.081E-04
 
  N       LgK     
 
                 H       L       Zn      
  4)    -9.000  -1.000    .000   1.000     ZnOH                                                                            
  5)    -4.410    .000   1.000    .000     Lhydr                                                                           
  6)    16.000    .000   2.000   1.000     ZnL                                                                             
       6
    . 
  1)     .0000       .0000       .0000    
  2)     .0000       .0000       .0000    
  4)     .0000       .0000       .0000    
      . ..   3   6
 
          
 
  . . .   .  . 
  1)    .000 1.041  .000  .931  .000  .652
  2)    .568  .489  .327  .465  .448  .311
  3)    .971  .167  .550  .169  .774  .112
  4)   1.236 -.034  .685 -.029  .997 -.062
  5)   1.394 -.130  .753 -.130 1.140 -.069
  6)   1.493 -.151  .751 -.151 1.265 -.082
  7)   1.470 -.110  .703 -.106 1.274 -.059
  8)   1.414 -.048  .635 -.041 1.257 -.026
  9)   1.332  .041  .551  .042 1.222  .023
 10)   1.230  .149  .454  .140 1.172  .083
  ..=3.18E+00
 
         
 
  1)  1.000E-12  9.884E-05  9.973E-23  9.971E-20  3.845E-09  1.858E-22
  2)  6.673E-08  8.606E-05  4.454E-06  6.673E-08  3.348E-09  6.290E-06
  3)  1.011E-07  7.606E-05  1.023E-05  1.011E-07  2.959E-09  1.129E-05
  4)  1.308E-07  6.825E-05  1.711E-05  1.308E-07  2.655E-09  1.519E-05
  5)  1.575E-07  6.211E-05  2.482E-05  1.575E-07  2.416E-09  1.826E-05
  6)  2.048E-07  5.325E-05  4.196E-05  2.048E-07  2.072E-09  2.269E-05
  7)  2.261E-07  4.997E-05  5.111E-05  2.261E-07  1.944E-09  2.433E-05
  8)  2.460E-07  4.721E-05  6.052E-05  2.460E-07  1.836E-09  2.572E-05
  9)  2.648E-07  4.485E-05  7.013E-05  2.648E-07  1.745E-09  2.690E-05
 10)  2.826E-07  4.281E-05  7.990E-05  2.826E-07  1.665E-09  2.792E-05
 
   
 LOG K( 6) =  8.2803      4.101E+00
 
   EPS 
  3)  -2.338E+04   1.151E+04  -1.783E+04   1.049E+04  -1.504E+04   7.212E+03
 
  6)   1.193E+05   2.597E+04   7.256E+04   2.366E+04   9.123E+04   1.627E+04
 
