             <RRSU>


                       
 N         log K


          1       2
 - - - - - - - -
 1)    1.000    0.000    0.000
 2)    0.000    1.000    0.000
 3)    1.000    1.000    4.110
 4)    2.000    1.000    6.270

 N             
             1            2
 1)    6.098E-0002  3.999E-0004
 2)    6.128E-0002  6.998E-0004
 3)    6.098E-0002  9.780E-0004
 4)    6.208E-0002  1.500E-0003
 5)    6.199E-0002  1.990E-0003
 6)    9.877E-0004  9.877E-0004
 7)    8.865E-0003  8.865E-0003

                                
N .                       

 1)    6.022E-0002  5.310E-0008  4.120E-0005  3.586E-0004
 2)    5.995E-0002  9.372E-0008  7.239E-0005  6.273E-0004
 3)    5.913E-0002  1.345E-0007  1.024E-0004  8.754E-0004
 4)    5.924E-0002  2.055E-0007  1.568E-0004  1.343E-0003
 5)    5.822E-0002  2.817E-0007  2.113E-0004  1.778E-0003
 6)    2.245E-0004  2.478E-0004  7.167E-0004  2.326E-0005
 7)    5.241E-0004  1.073E-0003  7.243E-0003  5.487E-0004

      (%)   2    [1]

     1     2     3     4     5     6     7
p[1]    1.22  1.22  1.23  1.23  1.23  3.65  3.28
 - - - - - - - - - - - - - - - - - - - - - - - -
 2   |    0     0     0     0     0    25    12 
 3   |   10    10    10    10    11    73    82 
 4   |   90    90    90    90    89     2     6 
