           ФАЙЛ ИСХОДНЫХ ДАННЫХ ДЛЯ РАСЧЕТА РАВНОВЕСНОГО СОСТАВА
Cu+L+DNA
             11   Количество рассчитываемых точек
              5   Число базисных частиц
             16   Число реакций (вместе с тривиальными)
              3   Номер частицы для p[X]
              4   Номер частицы для [%]
 Логарифмы констант и стехиометрическая матрица
  0.000    1.000    0.000    0.000    0.000    0.000
  0.000    0.000    1.000    0.000    0.000    0.000
  0.000    0.000    0.000    1.000    0.000    0.000
  0.000    0.000    0.000    0.000    1.000    0.000
  0.000    0.000    0.000    0.000    0.000    1.000
 11.480    1.000    1.000    0.000    0.000    0.000
 18.110    2.000    1.000    0.000    0.000    0.000
 19.970    3.000    1.000    0.000    0.000    0.000
 14.730    1.000    1.000    0.000    1.000    0.000
 27.660    2.000    2.000    0.000    1.000    0.000
 19.310    2.000    1.000    0.000    1.000    0.000
 38.120    4.000    2.000    0.000    1.000    0.000
 -7.950   -1.000    0.000    0.000    1.000    0.000
 -5.160    0.000    0.000    1.000    0.000    0.000
 12.110    0.000    0.000    2.000    1.000    0.000
  8.500    0.000    0.000    0.000    1.000    1.000
    1  Вид расчета: 1-по общим конц-иям, 2-частично заданный состав
    0   Число частиц с равновесными концентрациями
    0  Задаются: 0-общие концентрации, 1-порции титранта
Общие концентрации
1.056e-01   8.880e-02	1.016e-04	9.923e-06   1.000e-19
1.012e-01   8.851e-02	1.016e-04	1.985e-05   1.000e-19
9.680e-02   8.140e-02	1.016e-04	2.977e-05   1.000e-19
9.240e-02   7.770e-02	1.016e-04	3.969e-05   1.000e-19
8.800e-02   7.400e-02	1.016e-04	4.962e-05   1.000e-19
8.360e-02   7.030e-02	1.016e-04	5.954e-05   1.000e-19
7.920e-02   6.660e-02	1.016e-04	6.946e-05   1.000e-19
7.480e-02   6.290e-02	1.016e-04	7.938e-05   1.000e-19
7.040e-02   5.920e-02	1.016e-04	8.931e-05   1.000e-19
6.600e-02   5.550e-02   1.016e-04   9.923e-05   8.500e-05
6.600e-02   5.550e-02   1.000e-04   5.000e-05   8.500e-05

