       êÄëóÖí êÄÇçéÇÖëçõï ëéëíÄÇéÇ èé èêéÉêÄååÖ  <RRSU>
Cu+L+DNA

                      àëïéÑçõÖ ÑÄççõÖ
 N    ëíÖïàéåÖíêàóÖëäàÖ äéùîîàñàÖçíõ    log K


          1       2       3       4       5
 - - - - - - - - - - - - - - - - -
 1)    1.000    0.000    0.000    0.000    0.000    0.000
 2)    0.000    1.000    0.000    0.000    0.000    0.000
 3)    0.000    0.000    1.000    0.000    0.000    0.000
 4)    0.000    0.000    0.000    1.000    0.000    0.000
 5)    0.000    0.000    0.000    0.000    1.000    0.000
 6)    1.000    1.000    0.000    0.000    0.000   11.480
 7)    2.000    1.000    0.000    0.000    0.000   18.110
 8)    3.000    1.000    0.000    0.000    0.000   19.970
 9)    1.000    1.000    0.000    1.000    0.000   14.730
10)    2.000    2.000    0.000    1.000    0.000   27.660
11)    2.000    1.000    0.000    1.000    0.000   19.310
12)    4.000    2.000    0.000    1.000    0.000   38.120
13)   -1.000    0.000    0.000    1.000    0.000   -7.950
14)    0.000    0.000    1.000    0.000    0.000   -5.160
15)    0.000    0.000    2.000    1.000    0.000   12.110
16)    0.000    0.000    0.000    1.000    1.000    8.500

 N            éÅôàÖ äéçñÖçíêÄñàà
             1            2            3            4            5
 1)    1.056E-0001  8.880E-0002  1.016E-0004  9.923E-0006  1.000E-0019
 2)    1.012E-0001  8.851E-0002  1.016E-0004  1.985E-0005  1.000E-0019
 3)    9.680E-0002  8.140E-0002  1.016E-0004  2.977E-0005  1.000E-0019
 4)    9.240E-0002  7.770E-0002  1.016E-0004  3.969E-0005  1.000E-0019
 5)    8.800E-0002  7.400E-0002  1.016E-0004  4.962E-0005  1.000E-0019
 6)    8.360E-0002  7.030E-0002  1.016E-0004  5.954E-0005  1.000E-0019
 7)    7.920E-0002  6.660E-0002  1.016E-0004  6.946E-0005  1.000E-0019
 8)    7.480E-0002  6.290E-0002  1.016E-0004  7.938E-0005  1.000E-0019
 9)    7.040E-0002  5.920E-0002  1.016E-0004  8.931E-0005  1.000E-0019
10)    6.600E-0002  5.550E-0002  1.016E-0004  9.923E-0005  8.500E-0005
11)    6.600E-0002  5.550E-0002  1.000E-0004  5.000E-0005  8.500E-0005

                               êÖáìãúíÄíõ êÄëóÖíÄ
N ¢†‡.                      êÄÇçéÇÖëçõÖ äéçñÖçíêÄñàà

 1)    5.471E-0008  4.356E-0006  8.260E-0005  1.081E-0009  7.452E-0020
       7.199E-0002  1.680E-0002  6.661E-0008  1.384E-0007  2.808E-0007
       2.879E-0010  2.425E-0011  2.217E-0010  5.714E-0010  9.502E-0006
       2.548E-0020
 2)    3.926E-0008  6.393E-0006  6.479E-0005  3.403E-0009  4.816E-0020
       7.580E-0002  1.270E-0002  3.611E-0008  4.588E-0007  9.802E-0007
       6.848E-0010  4.358E-0011  9.725E-0010  4.482E-0010  1.841E-0005
       5.184E-0020
 3)    5.472E-0008  3.993E-0006  4.811E-0005  8.970E-0009  2.606E-0020
       6.599E-0002  1.540E-0002  6.106E-0008  1.053E-0006  1.958E-0006
       2.190E-0009  1.691E-0010  1.839E-0009  3.328E-0010  2.675E-0005
       7.394E-0020
 4)    5.472E-0008  3.810E-0006  3.520E-0005  2.079E-0008  1.320E-0020
       6.298E-0002  1.470E-0002  5.829E-0008  2.329E-0006  4.133E-0006
       4.845E-0009  3.570E-0010  4.262E-0009  2.435E-0010  3.320E-0005
       8.680E-0020
 5)    5.473E-0008  3.628E-0006  2.643E-0005  4.174E-0008  7.041E-0021
       5.997E-0002  1.400E-0002  5.552E-0008  4.452E-0006  7.525E-0006
       9.264E-0009  6.502E-0010  8.556E-0009  1.829E-0010  3.758E-0005
       9.296E-0020
 6)    5.474E-0008  3.445E-0006  2.084E-0005  7.219E-0008  4.196E-0021
       5.696E-0002  1.330E-0002  5.276E-0008  7.313E-0006  1.174E-0005
       1.522E-0008  1.015E-0009  1.480E-0008  1.441E-0010  4.038E-0005
       9.580E-0020
 7)    5.476E-0008  3.262E-0006  1.712E-0005  1.119E-0007  2.748E-0021
       5.395E-0002  1.260E-0002  5.000E-0008  1.074E-0005  1.632E-0005
       2.235E-0008  1.412E-0009  2.293E-0008  1.184E-0010  4.224E-0005
       9.725E-0020
 8)    5.477E-0008  3.079E-0006  1.448E-0005  1.613E-0007  1.922E-0021
       5.094E-0002  1.190E-0002  4.723E-0008  1.461E-0005  2.098E-0005
       3.043E-0008  1.816E-0009  3.304E-0008  1.001E-0010  4.356E-0005
       9.808E-0020
 9)    5.479E-0008  2.896E-0006  1.249E-0005  2.218E-0007  1.405E-0021
       4.792E-0002  1.120E-0002  4.447E-0008  1.891E-0005  2.554E-0005
       3.939E-0008  2.212E-0009  4.542E-0008  8.637E-0011  4.456E-0005
       9.859E-0020
10)    5.472E-0008  2.722E-0006  4.296E-0005  1.233E-0008  1.735E-0005
       4.499E-0002  1.050E-0002  4.163E-0008  9.867E-0007  1.251E-0006
       2.053E-0009  1.081E-0010  2.528E-0009  2.972E-0010  2.932E-0005
       6.765E-0005
11)    5.471E-0008  2.723E-0006  7.105E-0005  2.226E-0009  4.988E-0005
       4.499E-0002  1.050E-0002  4.163E-0008  1.781E-0007  2.259E-0007
       3.705E-0010  1.950E-0011  4.564E-0010  4.915E-0010  1.448E-0005
       3.512E-0005

      ÇõïéÑ(%) éíçéëàíÖãúçé óÄëíàñõ 4 Ç áÄÇàëàåéëíà éí ‡[3]

íéóäà     1     2     3     4     5     6     7     8     9    10
p[3]    4.08  4.19  4.32  4.45  4.58  4.68  4.77  4.84  4.90  4.37
 - - - - - - - - - - - - - - - - - - - - - - - - - - - - - - - - -
 4   |    0     0     0     0     0     0     0     0     0     0 
 9   |    1     2     4     6     9    12    15    18    21     1 
10   |    3     5     7    10    15    20    24    26    29     1 
11   |    0     0     0     0     0     0     0     0     0     0 
12   |    0     0     0     0     0     0     0     0     0     0 
13   |    0     0     0     0     0     0     0     0     0     0 
15   |   96    93    90    84    76    68    61    55    50    30 
16   |    0     0     0     0     0     0     0     0     0    68 

íéóäà    11
p[3]    4.15
 - - - - - -
 4   |    0 
 9   |    0 
10   |    0 
11   |    0 
12   |    0 
13   |    0 
15   |   29 
16   |   70 
