wavelength	2MF3H	2MF3H_adj.r.squared	PLP	PLP_adj.r.squared
190	13409.72222	-0.174309694	6656	0.419347191
190.5	20111.11111	0.695758081	6826	0.233609312
191	18694.44444	0.948223876	9726	0.393250077
191.5	16166.66667	0.959953001	10334	0.941262765
192	11538.19444	0.143200127	13184	0.750930708
192.5	10611.11111	-0.118390642	3888	0.315730065
193	16541.66667	0.549601261	6930	0.767526343
193.5	26166.66667	0.896376798	7064	0.865942351
194	22506.94444	0.566991278	12970	0.829523752
194.5	13472.22222	0.603712277	14080	0.513073873
195	18159.72222	0.549295148	10336	0.7569341
195.5	26729.16667	0.513819172	9944	0.6476133
196	17920.13889	0.905128043	10674	0.911674076
196.5	10875	0.234425228	18172	0.800003905
197	14034.72222	0.946963735	15254	0.853324398
197.5	11392.36111	0.697734366	9610	0.941844782
198	11010.41667	0.776718195	3704	0.260474893
198.5	15680.55556	0.918131044	15380	0.837882878
199	14559.02778	0.763329636	9862	0.994286197
199.5	8111.111111	0.998132035	7590	0.785508289
200	8399.305556	0.997580453	5708	0.863144589
200.5	9496.527778	0.996824347	5526	0.851924511
201	9111.111111	0.999145632	4588	0.877418353
201.5	9138.888889	0.999057385	4582	0.811939567
202	9420.138889	0.998874679	4458	0.834412688
202.5	9319.444444	0.999428857	4546	0.842910155
203	9322.916667	0.999344876	4556	0.836149505
203.5	9434.027778	0.999210802	4728	0.83224373
204	9392.361111	0.999379103	4816	0.841938828
204.5	9399.305556	0.99928676	4958	0.847563267
205	9381.944444	0.99932312	5062	0.853704749
205.5	9368.055556	0.999349936	5200	0.860394541
206	9347.222222	0.999396671	5346	0.867961057
206.5	9309.027778	0.9993963	5480	0.875401211
207	9288.194444	0.999365104	5628	0.884379611
207.5	9260.416667	0.999416919	5810	0.892202381
208	9211.805556	0.999351128	5982	0.90095761
208.5	9177.083333	0.999346211	6162	0.908100052
209	9118.055556	0.999394665	6332	0.915228785
209.5	9069.444444	0.999411887	6520	0.922805734
210	9006.944444	0.999446468	6724	0.929708165
210.5	8940.972222	0.999450479	6932	0.936295451
211	8878.472222	0.999393202	7148	0.942869773
211.5	8798.611111	0.999419955	7356	0.948777949
212	8725.694444	0.999485701	7566	0.954759902
212.5	8635.416667	0.999455508	7786	0.95971986
213	8552.083333	0.999464615	8018	0.964359357
213.5	8447.916667	0.999451336	8238	0.968320206
214	8357.638889	0.999418727	8462	0.972050114
214.5	8260.416667	0.999445223	8676	0.975329746
215	8156.25	0.999430967	8896	0.978170712
215.5	8041.666667	0.999456558	9116	0.980719552
216	7934.027778	0.99941703	9302	0.98332248
216.5	7819.444444	0.99944534	9500	0.985482597
217	7704.861111	0.999471953	9704	0.987350582
217.5	7576.388889	0.999409196	9890	0.988812456
218	7468.75	0.999476927	10064	0.990269148
218.5	7343.75	0.99944021	10216	0.991506785
219	7239.583333	0.999423992	10350	0.992800943
219.5	7111.111111	0.999472327	10492	0.993643234
220	6993.055556	0.999473583	10624	0.994544769
220.5	6868.055556	0.999434332	10754	0.995200506
221	6763.888889	0.999535286	10832	0.99596575
221.5	6656.25	0.999491586	10926	0.9965257
222	6555.555556	0.999505289	11018	0.996809308
222.5	6461.805556	0.999439765	11084	0.997206013
223	6354.166667	0.999516415	11106	0.997584986
223.5	6263.888889	0.999482114	11124	0.997906523
224	6180.555556	0.999488875	11146	0.998170551
224.5	6090.277778	0.999452178	11156	0.998326294
225	6020.833333	0.999439472	11142	0.998498703
225.5	5951.388889	0.99942632	11106	0.998650545
226	5888.888889	0.99945577	11092	0.998803028
226.5	5833.333333	0.999564327	11076	0.998942559
227	5788.194444	0.99947875	11036	0.999037216
227.5	5763.888889	0.999553769	11012	0.999129481
228	5729.166667	0.999548345	10972	0.999298379
228.5	5718.75	0.999598649	10952	0.999295815
229	5704.861111	0.999618908	10922	0.999349733
229.5	5704.861111	0.999618908	10888	0.999409892
230	5715.277778	0.999566068	10842	0.999482913
230.5	5725.694444	0.999639319	10792	0.99953011
231	5750	0.999691567	10750	0.999562442
231.5	5760.416667	0.999643653	10702	0.999571913
232	5795.138889	0.999647909	10628	0.999616368
232.5	5819.444444	0.999698883	10546	0.999669587
233	5840.277778	0.999715867	10446	0.999663232
233.5	5868.055556	0.999684951	10350	0.999682487
234	5899.305556	0.999660231	10230	0.999674996
234.5	5934.027778	0.999664195	10090	0.999665916
235	5968.75	0.999769576	9944	0.999688424
235.5	5989.583333	0.99978327	9774	0.999698211
236	6017.361111	0.999757305	9580	0.999678418
236.5	6038.194444	0.999774844	9360	0.999691878
237	6062.5	0.999722539	9106	0.999666786
237.5	6083.333333	0.999826051	8852	0.999638362
238	6107.638889	0.999779935	8564	0.999629009
238.5	6118.055556	0.999828019	8272	0.999585886
239	6138.888889	0.99983878	7960	0.999534247
239.5	6142.361111	0.999782415	7628	0.999471815
240	6142.361111	0.999782415	7306	0.999482434
240.5	6142.361111	0.999782415	6974	0.999407348
241	6142.361111	0.99985909	6654	0.999349
241.5	6131.944444	0.999815334	6328	0.999232629
242	6104.166667	0.999836941	6030	0.999137481
242.5	6083.333333	0.999826051	5722	0.999081723
243	6059.027778	0.999867008	5454	0.999111805
243.5	6024.305556	0.999865471	5202	0.998977668
244	5989.583333	0.999863906	4966	0.998977388
244.5	5944.444444	0.999817828	4752	0.998958101
245	5895.833333	0.999825215	4566	0.998790521
245.5	5840.277778	0.999811273	4392	0.998780442
246	5781.25	0.999853922	4244	0.998756496
246.5	5725.694444	0.999837838	4112	0.998608859
247	5656.25	0.999833832	3998	0.998629632
247.5	5572.916667	0.999842798	3886	0.998473444
248	5493.055556	0.999786663	3790	0.998551952
248.5	5399.305556	0.999832527	3704	0.998516296
249	5305.555556	0.999784165	3618	0.998473357
249.5	5201.388889	0.999775435	3544	0.998379451
250	5097.222222	0.999766164	3470	0.998431991
250.5	4996.527778	0.999787061	3396	0.998328726
251	4878.472222	0.999794863	3330	0.998297527
251.5	4760.416667	0.999797329	3270	0.998234552
252	4649.305556	0.999754073	3202	0.998261615
252.5	4520.833333	0.99968506	3138	0.997971275
253	4381.944444	0.999664783	3070	0.997997351
253.5	4253.472222	0.999730161	3002	0.998022584
254	4114.583333	0.99971164	2942	0.997941218
254.5	3975.694444	0.999691145	2868	0.998001068
255	3836.805556	0.999668385	2802	0.997730666
255.5	3697.916667	0.999643013	2734	0.997750996
256	3559.027778	0.999614614	2668	0.997690624
256.5	3420.138889	0.999582687	2594	0.997502099
257	3281.25	0.999546622	2528	0.997428207
257.5	3142.361111	0.999505673	2454	0.997487492
258	2993.055556	0.999281679	2380	0.997272112
258.5	2843.75	0.999342826	2308	0.996915606
259	2729.166667	0.999068233	2232	0.997086258
259.5	2586.805556	0.999270658	2168	0.996505349
260	2458.333333	0.998995215	2094	0.996170207
260.5	2312.5	0.998702527	2028	0.996007527
261	2184.027778	0.998886181	1952	0.99619267
261.5	2065.972222	0.998856885	1886	0.995549925
262	1937.5	0.998383061	1824	0.995906573
262.5	1826.388889	0.997921028	1772	0.995382388
263	1722.222222	0.997662338	1712	0.995054138
263.5	1614.583333	0.998129287	1660	0.994403309
264	1500	0.99714408	1604	0.994710913
264.5	1395.833333	0.99670289	1558	0.99386052
265	1291.666667	0.996151074	1518	0.993534114
265.5	1201.388889	0.995203997	1476	0.994140239
266	1118.055556	0.994867359	1436	0.993810609
266.5	1027.777778	0.993454545	1398	0.992382329
267	944.4444444	0.992816788	1364	0.992695764
267.5	875	0.991637958	1336	0.992853957
268	805.5555556	0.990143965	1308	0.993004747
268.5	736.1111111	0.988211921	1282	0.991960687
269	670.1388889	0.980681065	1254	0.99208279
269.5	621.5277778	0.97904293	1234	0.991825485
270	562.5	0.979924812	1212	0.992829268
270.5	503.4722222	0.969937078	1200	0.992207362
271	468.75	0.965424819	1180	0.991942397
271.5	423.6111111	0.947859922	1164	0.992702274
272	375	0.936453202	1152	0.992066919
272.5	340.2777778	0.923517787	1132	0.99178567
273	305.5555556	0.9062954	1124	0.992176378
273.5	281.25	0.871637631	1112	0.991489225
274	250	0.859440559	1098	0.9908295
274.5	225.6944444	0.805355304	1084	0.991591632
275	201.3888889	0.730731707	1078	0.991917013
275.5	177.0833333	0.713530327	1064	0.991274413
276	166.6666667	0.725531915	1056	0.991674395
276.5	142.3611111	0.59869281	1044	0.990938936
277	131.9444444	0.605102041	1030	0.991732128
277.5	111.1111111	0.484615385	1022	0.992148422
278	107.6388889	0.415238095	1012	0.98973623
278.5	83.33333333	0.3	1002	0.991833581
279	72.91666667	0.127014218	996	0.99064754
279.5	65.97222222	0.033497537	984	0.989807976
280	52.08333333	0.015267176	970	0.990684214
280.5	41.66666667	-0.182352941	958	0.989779884
281	31.25	-0.272897196	950	0.990290407
281.5	17.36111111	-0.417582418	942	0.99076675
282	31.25	-0.272897196	930	0.98987115
282.5	17.36111111	-0.417582418	916	0.988955139
283	6.944444444	-0.483333333	910	0.989424207
283.5	3.472222222	-0.496385542	896	0.990376238
284	0	-0.482352941	882	0.989476909
284.5	0	-0.44	878	0.987848375
285	0	-0.417582418	870	0.988437033
285.5	0	-0.482352941	862	0.988986561
286	0	-0.372881356	850	0.987890936
286.5	0	-0.372881356	844	0.988332962
287	0	-0.372881356	832	0.987076077
287.5	0	-0.372881356	828	0.989536501
288	0	-0.372881356	822	0.987897472
288.5	0	-0.417582418	818	0.988132728
289	0	-0.137313433	816	0.988412017
289.5	0	-0.137313433	808	0.989015935
290	0	-0.271428571	804	0.987153374
290.5	0	-0.271428571	810	0.988835436
291	0	-0.271428571	810	0.988835436
291.5	0	-0.372881356	810	0.988835436
292	0	-0.372881356	810	0.988835436
292.5	0	-0.372881356	814	0.9905876
293	0	-0.372881356	816	0.99036648
293.5	0	-0.372881356	816	0.99036648
294	0	-0.372881356	828	0.991437522
294.5	0	-0.372881356	836	0.990819113
295	0	-0.372881356	842	0.99046391
295.5	0	-0.372881356	854	0.991443763
296	0	-0.372881356	860	0.992734123
296.5	0	-0.372881356	880	0.993059126
297	0	-0.372881356	888	0.99254997
297.5	0	-0.254545455	906	0.994421653
298	0	-0.254545455	920	0.993647059
298.5	0	-0.254545455	932	0.994329755
299	0	-0.254545455	946	0.994881846
299.5	0	-0.254545455	972	0.995921297
300	0	-0.254545455	988	0.995074334
300.5	0	-0.254545455	1012	0.996236559
301	0	-0.254545455	1032	0.996380667
301.5	0	-0.254545455	1052	0.996516659
302	0	-0.254545455	1072	0.996645134
302.5	0	-0.285714286	1098	0.997347111
303	0	-0.285714286	1118	0.99667598
303.5	0	-0.285714286	1144	0.997363925
304	0	-0.285714286	1170	0.997942777
304.5	0	-0.285714286	1192	0.997285449
305	0	-0.285714286	1224	0.997696737
305.5	0	-0.285714286	1258	0.997978166
306	0	-0.285714286	1284	0.997906672
306.5	0	-0.285714286	1312	0.997758597
307	0	-0.285714286	1338	0.998212433
307.5	0	-0.285714286	1370	0.998499026
308	0	-0.285714286	1398	0.998362415
308.5	0	-0.285714286	1430	0.998622226
309	0	-0.285714286	1464	0.998780442
309.5	0	-0.285714286	1494	0.99901679
310	0	-0.285714286	1528	0.999167837
310.5	0	-0.47	1556	0.999068784
311	0	-0.285714286	1582	0.999008138
311.5	0	-0.285714286	1622	0.999056425
312	0	-0.47	1648	0.999284558
312.5	0	-0.491428571	1680	0.999404998
313	0	-0.44	1708	0.999333918
313.5	0	-0.44	1740	0.99944531
314	0	-0.491428571	1766	0.999603793
314.5	0	-0.44	1800	0.999481661
315	0	-0.44	1832	0.999563922
315.5	0	-0.44	1860	0.999514552
316	0	-0.44	1886	0.999652596
316.5	0	-0.44	1918	0.99971626
317	0	-0.44	1938	0.999722085
317.5	0	-0.44	1966	0.999680288
318	0	-0.44	1998	0.999738523
318.5	0	-0.44	2018	0.999743679
319	0	-0.4	2044	0.999833429
319.5	0	-0.4	2070	0.999789989
320	0	-0.4	2090	0.999793989
320.5	0	-0.44	2110	0.999905668
321	0	-0.44	2138	0.999771641
321.5	0	-0.44	2158	0.999775853
322	0	-0.44	2172	0.999816878
322.5	0	-0.44	2196	0.999880567
323	0	-0.44	2216	0.999760559
323.5	0	-0.44	2230	0.999819041
324	0	-0.44	2248	0.999900274
324.5	0	-0.44	2256	0.999886835
325	0	-0.44	2268	0.999902025
325.5	0	-0.44	2282	0.999845624
326	0	-0.44	2290	0.999828398
326.5	0	-0.44	2296	0.999776952
327	0	-0.254545455	2304	0.999755899
327.5	0	-0.44	2304	0.999868899
328	0	-0.44	2310	0.999831356
328.5	3.472222222	-0.472727273	2310	0.999831356
329	0	-0.254545455	2310	0.999831356
329.5	0	-0.44	2316	0.999780787
330	0	-0.484210526	2316	0.999892622
330.5	0	-0.35	2310	0.999696469
331	3.472222222	-0.472727273	2312	0.999726167
331.5	0	-0.35	2306	0.999767602
332	0	-0.35	2304	0.999868899
332.5	0	-0.35	2298	0.999666034
333	0	-0.35	2298	0.999802329
333.5	3.472222222	-0.472727273	2292	0.999721368
334	3.472222222	-0.472727273	2278	0.999798843
334.5	3.472222222	-0.472727273	2278	0.999798843
335	3.472222222	-0.472727273	2272	0.999716442
335.5	3.472222222	-0.472727273	2266	0.999759326
336	3.472222222	-0.472727273	2260	0.999671151
336.5	3.472222222	-0.472727273	2252	0.999711384
337	3.472222222	-0.472727273	2252	0.999711384
337.5	3.472222222	-0.472727273	2246	0.999755021
338	3.472222222	-0.4	2240	0.999665253
338.5	0	-0.5	2246	0.999755021
339	0	-0.5	2246	0.999755021
339.5	0	-0.254545455	2246	0.999755021
340	0	-0.5	2248	0.999615415
340.5	0	-0.5	2252	0.999711384
341	0	-0.254545455	2254	0.999709535
341.5	0	-0.254545455	2268	0.999622166
342	0	-0.254545455	2276	0.99956462
342.5	0	-0.5	2286	0.999763518
343	0	-0.254545455	2292	0.999721368
343.5	0	-0.5	2314	0.9997244
344	0	-0.5	2322	0.999672901
344.5	0	-0.5	2334	0.999729102
345	0	-0.5	2360	0.999806115
345.5	0	-0.5	2380	0.99980936
346	0	-0.5	2394	0.999742508
346.5	0	-0.5	2414	0.999746756
347	3.472222222	-0.472727273	2442	0.999704252
347.5	3.472222222	-0.472727273	2470	0.999655867
348	13.88888889	0.1	2494	0.99976274
348.5	3.472222222	-0.472727273	2522	0.999722714
349	3.472222222	-0.4	2554	0.999773755
349.5	3.472222222	-0.472727273	2580	0.999747654
350	0	-0.35	2608	0.999802427
350.5	0	-0.35	2642	0.999747326
351	0	-0.35	2674	0.999793603
351.5	0	-0.35	2708	0.999816748
352	0	-0.35	2742	0.999765417
352.5	0	-0.35	2774	0.999808214
353	0	-0.35	2814	0.999813626
353.5	0	-0.35	2848	0.99983432
354	0	-0.35	2888	0.999838877
354.5	0	-0.35	2928	0.999843248
355	0	-0.35	2962	0.999853664
355.5	0	-0.35	3008	0.999851475
356	0	-0.35	3054	0.999841765
356.5	0	-0.35	3080	0.999886161
357	0	-0.35	3132	0.999911927
357.5	0	-0.35	3166	0.999876701
358	0	-0.35	3208	0.999869415
358.5	0	-0.35	3252	0.999918306
359	0	-0.35	3300	0.999900833
359.5	0	-0.35	3340	0.999935461
360	0	-0.35	3374	0.999912513
360.5	0	-0.35	3418	0.999951725
361	0	-0.35	3466	0.999937072
361.5	0	-0.35	3512	0.999929954
362	0	-0.35	3546	0.999939879
362.5	0	-0.35	3598	0.999956434
363	0	-0.35	3646	0.999943131
363.5	0	-0.35	3686	0.999944359
364	0	-0.35	3730	0.999969813
364.5	0	-0.35	3772	0.999939277
365	0	-0.35	3818	0.99996131
365.5	0	-0.35	3864	0.999977496
366	0	-0.35	3910	0.999972528
366.5	0	-0.35	3950	0.999973082
367	0	-0.35	3992	0.999968374
367.5	0	-0.35	4030	0.999988917
368	0	-0.35	4064	0.999979656
368.5	0	-0.35	4112	0.999970193
369	0	-0.35	4156	0.999987495
369.5	0	-0.35	4192	0.999978148
370	0	-0.35	4230	0.99998994
370.5	0	-0.35	4268	0.999992095
371	0	-0.35	4310	0.99999031
371.5	0	-0.35	4350	0.999990488
372	0	-0.35	4390	0.99999066
372.5	0	-0.35	4430	0.999990828
373	0	-0.35	4462	0.999995781
373.5	0	-0.35	4490	0.999991072
374	0	-0.35	4530	0.999991229
374.5	0	-0.35	4556	0.999995375
375	0	-0.35	4592	0.999981789
375.5	0	-0.35	4628	0.999998879
376	0	-0.35	4664	0.99999007
376.5	0	-0.35	4684	0.999990155
377	0	-0.35	4718	0.999985445
377.5	0	-0.35	4738	0.999985567
378	0	-0.35	4766	0.999977284
378.5	0	-0.35	4792	0.999978052
379	0	-0.35	4818	0.999975704
379.5	0	-0.35	4844	0.999985681
380	0	-0.35	4872	0.999978767
380.5	0	-0.35	4892	0.99997894
381	0	-0.35	4912	0.999964191
381.5	0	-0.35	4932	0.999964481
382	0	-0.35	4952	0.999979448
382.5	0	-0.35	4972	0.99996505
383	0	-0.35	4984	0.999971981
383.5	0	-0.35	4998	0.999977422
384	0	-0.35	5018	0.999977602
384.5	0	-0.35	5024	0.999972426
385	0	-0.35	5038	0.999958869
385.5	0	-0.35	5052	0.999966149
386	0	-0.35	5052	0.999966149
386.5	0	-0.35	5064	0.99997286
387	0	-0.35	5072	0.999966415
387.5	0	-0.35	5078	0.999959514
388	0	-0.35	5078	0.999959514
388.5	0	-0.35	5078	0.999959514
389	0	-0.35	5078	0.999959514
389.5	0	-0.35	5084	0.999973073
390	0	-0.35	5072	0.999943093
390.5	0	-0.35	5066	0.999951841
391	0	-0.35	5058	0.999959193
391.5	0	-0.35	5052	0.999942641
392	0	-0.35	5038	0.999958869
392.5	0	-0.35	5026	0.999951072
393	0	-0.35	5010	0.999964144
393.5	0	-0.35	4996	0.999976923
394	0	-0.35	4978	0.999957871
394.5	0	-0.35	4962	0.999967346
395	0	-0.35	4938	0.999957186
395.5	0	-0.35	4910	0.999962669
396	0	-0.35	4890	0.999962363
396.5	0	-0.35	4862	0.999965989
397	0	-0.35	4836	0.999975371
397.5	0	-0.35	4808	0.999978198
398	0	-0.35	4770	0.999960446
398.5	0	-0.35	4736	0.99997432
399	0	-0.35	4702	0.999963635
399.5	0	-0.35	4668	0.999976871
400	0	-0.35	4630	0.999958017
400.5	0	-0.35	4588	0.999976057
401	0	-0.35	4548	0.999946628
401.5	0	-0.35	4508	0.9999752
402	0	-0.35	4462	0.999959618
402.5	0	-0.35	4422	0.999958884
403	0	-0.35	4368	0.999973585
403.5	0	-0.35	4322	0.99995696
404	0	-0.35	4280	0.999973797
404.5	0	-0.35	4220	0.999973047
405	0	-0.35	4168	0.999970989
405.5	0	-0.35	4122	0.999952682
406	0	-0.35	4068	0.999969545
406.5	0	-0.35	4008	0.999968626
407	0	-0.35	3948	0.999967665
407.5	0	-0.35	3888	0.99996666
408	0	-0.35	3834	0.999948572
408.5	0	-0.35	3774	0.999946923
409	0	-0.35	3714	0.999945195
409.5	0	-0.35	3656	0.999956908
410	0	-0.35	3596	0.999955458
410.5	0	-0.35	3528	0.999959509
411	0	-0.35	3468	0.999958096
411.5	0	-0.35	3408	0.999956607
412	0	-0.35	3336	0.999948245
412.5	0	-0.35	3282	0.999969921
413	0	-0.35	3214	0.999973282
413.5	0	-0.35	3150	0.999957673
414	0	-0.35	3082	0.999965891
414.5	0	-0.35	3016	0.99993668
415	0	-0.35	2942	0.999962567
415.5	0	-0.35	2874	0.999966586
416	0	-0.35	2810	0.999946811
416.5	0	-0.35	2742	0.999956908
417	0	-0.35	2676	0.999919568
417.5	0	-0.35	2608	0.999978829
418	0	-0.35	2544	0.999948085
418.5	0	-0.35	2468	0.999976359
419	0	-0.35	2408	0.999975166
419.5	0	-0.35	2344	0.999938849
420	0	-0.35	2276	0.999958304
420.5	0	-0.35	2210	0.999963147
421	0	-0.35	2150	0.999961061
421.5	0	-0.35	2084	0.999922639
422	0	-0.35	2018	0.999920443
422.5	0	-0.35	1950	0.999952664
423	0	-0.35	1890	0.999949611
423.5	0	-0.35	1830	0.999946253
424	0	-0.35	1764	0.999892028
424.5	0	-0.35	1710	0.999938445
425	0	-0.35	1650	0.999933887
425.5	0	-0.35	1590	0.999928804
426	0	-0.35	1524	0.999907006
426.5	0	-0.35	1476	0.999955936
427	0	-0.35	1422	0.99995846
427.5	0	-0.35	1370	0.999904103
428	0	-0.35	1316	0.99994457
428.5	0	-0.35	1264	0.999864818
429	0	-0.35	1212	0.999738633
429.5	0	-0.35	1170	0.999868519
430	0	-0.35	1124	0.999829049
430.5	0	-0.35	1076	0.999917087
431	0	-0.35	1030	0.999830352
431.5	0	-0.35	984	0.999776952
432	0	-0.35	936	0.999890431
432.5	0	-0.35	896	0.99988043
433	0	-0.35	864	0.999710704
433.5	0	-0.35	824	0.999681941
434	0	-0.35	784	0.999648666
434.5	0	-0.35	750	0.999680068
435	0	-0.35	716	0.999812763
435.5	0	-0.35	678	0.999295499
436	0	-0.35	650	0.999574085
436.5	0	-0.35	616	0.99943098
437	0	-0.35	588	0.999930588
437.5	0	-0.35	556	0.999689521
438	0	-0.35	530	0.999359476
438.5	0	-0.35	504	0.999150142
439	0	-0.35	476	0.999576421
439.5	0	-0.35	452	0.9981228
440	0	-0.35	430	0.999027132
440.5	0	-0.35	404	0.998677767
441	0	-0.35	382	0.999424579
441.5	0	-0.35	362	0.999359268
442	0	-0.35	342	0.999282174
442.5	0	-0.35	324	0.997945205
443	0	-0.35	308	0.999747049
443.5	0	-0.35	296	0.998905109
444	0	-0.35	276	0.997169811
444.5	0	-0.35	256	0.998536585
445	0	-0.35	250	0.997125519
445.5	0	-0.35	230	0.996605055
446	0	-0.35	216	0.997945205
446.5	0	-0.35	208	0.999445471
447	0	-0.35	194	0.999044079
447.5	0	-0.35	188	0.999321267
448	0	-0.35	168	0.999150142
448.5	0	-0.35	162	0.996806084
449	0	-0.35	154	0.998483572
449.5	0	-0.35	142	0.995845697
450	0	-0.35	136	0.994827586
450.5	0	-0.35	130	0.989424207
451	0	-0.35	120	1
451.5	0	-0.35	114	0.997235023
452	0	-0.35	102	0.991969407
452.5	0	-0.35	100	1
453	0	-0.35	94	0.995936795
453.5	0	-0.35	88	0.996907216
454	0	-0.35	82	0.987610619
454.5	0	-0.35	82	0.987610619
455	0	-0.35	74	0.993454545
455.5	0	-0.35	68	0.994827586
456	0	-0.35	62	0.978461538
456.5	0	-0.35	56	0.97
457	0	-0.35	48	0.989655172
457.5	0	-0.35	54	0.987755102
458	0	-0.35	48	0.989655172
458.5	0	-0.35	40	1
459	0	-0.35	42	0.953846154
459.5	0	-0.35	36	0.929411765
460	0	-0.35	34	0.969491525
460.5	0	-0.35	28	0.97
461	0	-0.35	30	0.823529412
461.5	0	-0.35	28	0.836363636
462	0	-0.35	28	0.97
462.5	0	-0.35	28	0.97
463	0	-0.35	22	0.844444444
463.5	0	-0.35	20	1
464	0	-0.35	22	0.844444444
464.5	0	-0.35	22	0.844444444
465	0	-0.35	16	0.7
465.5	0	-0.35	16	0.7
466	0	-0.35	14	0.836363636
466.5	0	-0.35	14	0.836363636
467	0	-0.35	8	0.7
467.5	0	-0.35	8	0.7
468	0	-0.35	8	0.7
468.5	0	-0.35	8	0.7
469	0	-0.35	10	0.181818182
469.5	0	-0.35	10	0.181818182
470	0	-0.35	4	-0.35
470.5	0	-0.35	2	-0.4
471	0	-0.35	2	-0.4
471.5	0	-0.35	2	-0.4
472	0	-0.35	2	-0.4
472.5	0	-0.35	2	-0.4
473	0	-0.35	2	-0.4
473.5	0	-0.35	2	-0.4
474	0	-0.35	2	-0.4
474.5	0	-0.35	2	-0.4
475	0	-0.35	2	-0.4
475.5	0	-0.35	2	-0.4
476	0	-0.35	2	-0.4
476.5	0	-0.35	2	-0.4
477	0	-0.35	0	-0.2
477.5	0	-0.35	0	-0.2
478	0	-0.35	0	-0.2
478.5	0	-0.35	0	-0.2
479	0	-0.35	0	-0.2
479.5	0	-0.35	0	-0.2
480	0	-0.35	0	-0.2
480.5	0	-0.35	0	-0.2
481	0	-0.35	0	0.4
481.5	0	-0.35	0	-0.2
482	0	-0.35	0	-0.2
482.5	0	-0.35	0	-0.2
483	0	-0.35	0	-0.2
483.5	0	-0.35	0	-0.2
484	0	-0.35	0	0.4
484.5	0	-0.35	0	0.4
485	0	-0.35	0	0.4
485.5	0	-0.35	0	0.4
486	0	-0.35	0	-0.2
486.5	0	-0.35	0	-0.2
487	0	-0.35	0	-0.2
487.5	0	-0.35	0	-0.2
488	0	-0.35	0	-0.2
488.5	0	-0.35	0	-0.2
489	0	-0.35	0	-0.2
489.5	0	-0.35	0	0.4
490	0	-0.35	0	-0.2
490.5	0	-0.35	0	0.4
491	0	-0.35	0	0.4
491.5	0	-0.35	0	-0.2
492	0	-0.35	0	-0.2
492.5	0	-0.35	0	-0.2
493	0	-0.35	0	-0.2
493.5	0	-0.35	0	0.4
494	0	-0.35	0	0.4
494.5	0	-0.35	0	-0.2
495	0	-0.35	0	0.4
495.5	0	-0.35	0	0.4
496	0	-0.35	0	-0.2
496.5	0	-0.35	0	0.4
497	0	-0.35	0	0.4
497.5	0	-0.35	0	-0.2
498	0	-0.35	0	0.4
498.5	0	-0.35	0	0.4
499	0	-0.35	0	0.4
499.5	0	-0.35	0	0.4
500	0	-0.35	0	0.4
