 
             <AFTMT>
 
Schiff Base INH+PL pH 12.37                                                     
 
   .    
 
  1)    .838  .003  .503  .003
  2)    .896  .003  .730  .003
  3)    .963  .003  .956  .003
  4)   1.034  .003 1.187  .003
  5)   1.106  .003 1.387  .003
  6)   1.178  .003 1.592  .003
  7)   1.245  .003 1.774  .003
  8)   1.316  .003 1.923  .003
  9)   1.384  .003 2.045  .003
 10)   1.445  .003 2.147  .003
 
        
 
        INH        PL         
  1)    1.565E-05  1.470E-04
  2)    3.130E-05  1.470E-04
  3)    4.695E-05  1.470E-04
  4)    6.260E-05  1.470E-04
  5)    7.826E-05  1.470E-04
  6)    9.391E-05  1.470E-04
  7)    1.096E-04  1.470E-04
  8)    1.252E-04  1.470E-04
  9)    1.409E-04  1.470E-04
 10)    1.565E-04  1.470E-04
 
  N       LgK     
 
                 INH     PL      
  3)     5.000   1.000   1.000     SB                                                                              
       3
    . 
  1)     4400.       .0000    
  2)     5012.       1946.    
      . ..   3
 
          
 
  . . .   .  . 
  1)    .810  .028  .515 -.012
  2)    .883  .013  .741 -.011
  3)    .955  .008  .963 -.007
  4)   1.028  .006 1.179  .008
  5)   1.101  .005 1.386  .001
  6)   1.173  .005 1.582  .010
  7)   1.245  .000 1.762  .012
  8)   1.317 -.001 1.920  .003
  9)   1.388 -.004 2.052 -.007
 10)   1.459 -.014 2.157 -.010
  ..=2.12E-03
 
         
 
  1)  8.838E-07  1.322E-04  1.477E-05
  2)  1.972E-06  1.177E-04  2.933E-05
  3)  3.338E-06  1.034E-04  4.361E-05
  4)  5.086E-06  8.949E-05  5.751E-05
  5)  7.371E-06  7.611E-05  7.089E-05
  6)  1.041E-05  6.350E-05  8.350E-05
  7)  1.450E-05  5.190E-05  9.510E-05
  8)  1.995E-05  4.175E-05  1.052E-04
  9)  2.711E-05  3.321E-05  1.138E-04
 10)  3.600E-05  2.650E-05  1.205E-04
 
   
 LOG K( 3) =  5.1016      8.379E-02
 
   EPS 
  3)   9.697E+03   4.737E+01   1.787E+04   3.638E+01
 
