Full spectra mixtures PL + INH
wavelength	1	2	3	4	5	6	7	8	9	10
190,00	3,850	3,932	3,934	3,782	3,870	3,554	3,445	3,620	3,100	3,852
190,50	3,713	3,771	3,480	3,691	3,728	3,708	3,780	3,611	3,863	3,879
191,00	3,523	3,913	3,874	3,918	3,927	3,623	3,668	3,589	3,758	3,745
191,50	3,823	3,868	3,829	3,784	3,837	3,627	3,886	3,842	3,723	3,738
192,00	3,759	3,916	3,830	3,896	3,791	3,771	3,929	3,718	3,939	3,993
192,50	3,753	3,908	3,761	3,902	3,926	3,606	3,725	3,813	3,778	3,752
193,00	3,941	3,859	3,943	3,847	3,870	4,000	3,952	4,000	3,900	3,924
193,50	3,839	3,874	3,856	3,886	3,944	3,899	3,944	3,926	3,943	3,824
194,00	3,900	3,962	3,963	3,977	3,961	3,977	3,836	3,865	3,879	3,978
194,50	3,840	3,885	3,929	3,963	3,879	3,900	3,922	3,894	3,851	3,810
195,00	3,758	3,909	3,833	3,961	3,996	3,892	3,890	3,932	3,733	3,870
195,50	3,902	4,000	3,878	3,862	3,966	3,898	3,945	3,971	3,943	3,997
196,00	3,899	3,885	3,612	4,000	4,000	3,988	3,931	3,960	3,798	3,858
196,50	3,979	3,926	3,918	3,868	3,925	3,968	3,822	4,000	3,904	3,924
197,00	3,830	3,793	3,886	3,796	3,927	3,912	3,879	3,981	3,889	3,837
197,50	3,955	3,777	3,897	3,965	3,974	3,983	3,929	3,932	3,965	3,908
198,00	3,925	3,898	3,859	4,000	3,913	3,786	3,947	3,848	4,000	3,886
198,50	3,927	3,936	3,876	3,972	3,821	3,993	3,795	3,985	3,999	4,000
199,00	3,875	3,980	3,971	4,000	3,989	3,953	3,931	3,980	3,979	3,989
199,50	3,991	3,975	4,000	3,974	3,991	3,945	4,000	3,891	3,934	3,955
200,00	3,876	3,943	3,935	3,993	3,887	3,946	3,984	3,983	4,000	3,929
200,50	3,963	3,900	3,949	3,908	3,943	3,812	3,849	3,963	3,956	3,970
201,00	3,896	3,989	3,987	3,995	3,983	3,896	4,000	3,958	4,000	3,907
201,50	3,935	3,855	3,936	3,952	3,955	3,897	3,961	3,908	3,988	3,948
202,00	3,889	3,922	3,902	3,942	3,990	3,950	3,958	3,969	3,977	3,998
202,50	3,993	3,870	4,000	3,937	4,000	3,961	4,000	3,985	3,960	3,977
203,00	3,822	3,945	3,995	4,000	3,920	4,000	3,947	3,974	3,986	4,000
203,50	4,000	3,962	3,939	3,951	3,954	3,924	3,969	3,970	3,937	3,995
204,00	3,908	3,996	3,934	3,996	3,988	3,969	3,983	3,988	3,902	4,000
204,50	3,927	3,973	3,952	3,959	4,000	3,990	3,934	3,973	3,973	4,000
205,00	3,896	3,943	3,943	3,940	4,000	3,955	4,000	4,000	3,977	3,959
205,50	3,976	3,928	3,986	3,915	4,000	3,986	3,993	4,000	3,963	4,000
206,00	3,984	3,988	3,934	3,955	3,982	3,962	4,000	4,000	3,994	3,960
206,50	3,947	3,954	3,980	3,972	3,963	3,934	3,975	4,000	3,974	3,976
207,00	3,877	3,952	3,937	3,997	3,941	3,965	3,981	3,937	4,000	3,973
207,50	3,834	3,945	3,938	3,975	3,991	4,000	4,000	3,982	3,970	3,993
208,00	3,879	3,947	3,980	3,985	4,000	3,965	4,000	3,947	4,000	3,948
208,50	3,878	3,980	3,967	3,914	3,999	3,976	3,966	3,979	4,000	3,954
209,00	3,891	3,941	3,924	4,000	3,969	4,000	3,944	4,000	3,945	4,000
209,50	3,720	3,836	3,802	3,948	3,941	3,986	3,964	3,975	3,967	4,000
210,00	3,529	3,669	3,683	3,873	3,807	3,921	3,856	3,997	3,962	3,997
210,50	3,335	3,312	3,454	3,607	3,816	3,833	3,863	3,876	3,937	3,936
211,00	3,092	3,108	3,245	3,383	3,521	3,601	3,732	3,816	3,872	3,927
211,50	2,848	2,908	3,037	3,160	3,284	3,428	3,642	3,706	3,890	3,737
212,00	2,655	2,705	2,838	2,967	3,087	3,202	3,337	3,374	3,518	3,702
212,50	2,472	2,531	2,665	2,792	2,925	3,049	3,169	3,265	3,496	3,652
213,00	2,293	2,362	2,493	2,628	2,769	2,875	3,006	3,121	3,272	3,404
213,50	2,134	2,210	2,340	2,484	2,632	2,750	2,868	3,019	3,163	3,268
214,00	1,984	2,065	2,202	2,348	2,498	2,624	2,756	2,884	3,006	3,147
214,50	1,845	1,931	2,078	2,223	2,380	2,509	2,650	2,770	2,914	3,020
215,00	1,722	1,813	1,959	2,112	2,276	2,410	2,554	2,680	2,832	2,932
215,50	1,610	1,705	1,855	2,015	2,182	2,317	2,465	2,598	2,733	2,844
216,00	1,510	1,608	1,764	1,929	2,097	2,234	2,390	2,523	2,672	2,764
216,50	1,420	1,523	1,682	1,851	2,023	2,165	2,319	2,461	2,600	2,708
217,00	1,341	1,448	1,610	1,782	1,958	2,104	2,262	2,402	2,548	2,650
217,50	1,272	1,382	1,548	1,721	1,900	2,051	2,208	2,350	2,492	2,597
218,00	1,215	1,328	1,496	1,673	1,852	2,003	2,163	2,308	2,451	2,550
218,50	1,168	1,284	1,453	1,631	1,811	1,965	2,127	2,273	2,415	2,514
219,00	1,130	1,247	1,417	1,596	1,778	1,930	2,093	2,235	2,377	2,477
219,50	1,098	1,217	1,387	1,566	1,749	1,900	2,064	2,206	2,351	2,447
220,00	1,075	1,193	1,364	1,543	1,725	1,876	2,041	2,183	2,321	2,420
220,50	1,057	1,177	1,346	1,525	1,707	1,857	2,019	2,161	2,298	2,397
221,00	1,047	1,165	1,334	1,511	1,692	1,841	2,003	2,140	2,282	2,371
221,50	1,040	1,158	1,326	1,502	1,681	1,828	1,990	2,128	2,266	2,360
222,00	1,038	1,155	1,321	1,496	1,673	1,820	1,978	2,115	2,253	2,343
222,50	1,039	1,156	1,320	1,492	1,667	1,811	1,968	2,106	2,239	2,327
223,00	1,042	1,159	1,320	1,491	1,663	1,806	1,961	2,095	2,226	2,316
223,50	1,049	1,164	1,323	1,491	1,660	1,801	1,955	2,090	2,217	2,302
224,00	1,057	1,170	1,327	1,493	1,659	1,799	1,950	2,081	2,209	2,291
224,50	1,066	1,179	1,333	1,496	1,660	1,798	1,946	2,075	2,198	2,283
225,00	1,076	1,187	1,339	1,499	1,661	1,796	1,942	2,070	2,192	2,275
225,50	1,087	1,196	1,346	1,504	1,662	1,796	1,940	2,066	2,187	2,268
226,00	1,099	1,207	1,354	1,509	1,665	1,795	1,939	2,061	2,180	2,260
226,50	1,112	1,218	1,362	1,514	1,666	1,795	1,935	2,056	2,173	2,250
227,00	1,125	1,230	1,371	1,520	1,668	1,796	1,933	2,052	2,166	2,241
227,50	1,139	1,241	1,379	1,525	1,671	1,796	1,931	2,049	2,158	2,232
228,00	1,152	1,253	1,387	1,530	1,673	1,795	1,927	2,042	2,151	2,226
228,50	1,165	1,264	1,395	1,535	1,674	1,794	1,924	2,036	2,145	2,218
229,00	1,177	1,274	1,402	1,539	1,675	1,792	1,919	2,031	2,137	2,208
229,50	1,189	1,283	1,409	1,543	1,676	1,790	1,914	2,024	2,126	2,200
230,00	1,202	1,294	1,415	1,546	1,674	1,787	1,908	2,014	2,115	2,186
230,50	1,214	1,303	1,421	1,548	1,673	1,782	1,901	2,005	2,104	2,171
231,00	1,226	1,312	1,427	1,550	1,671	1,778	1,893	1,995	2,094	2,162
231,50	1,236	1,320	1,431	1,551	1,669	1,773	1,886	1,985	2,080	2,146
232,00	1,247	1,328	1,435	1,551	1,665	1,767	1,876	1,973	2,066	2,130
232,50	1,257	1,335	1,438	1,551	1,661	1,758	1,866	1,958	2,051	2,114
233,00	1,267	1,341	1,441	1,550	1,656	1,751	1,854	1,948	2,035	2,096
233,50	1,275	1,346	1,442	1,547	1,651	1,742	1,843	1,933	2,020	2,081
234,00	1,283	1,351	1,443	1,544	1,644	1,733	1,830	1,917	2,003	2,061
234,50	1,290	1,355	1,443	1,540	1,636	1,722	1,817	1,901	1,985	2,042
235,00	1,296	1,358	1,443	1,537	1,630	1,712	1,804	1,885	1,969	2,022
235,50	1,301	1,360	1,441	1,532	1,621	1,702	1,790	1,869	1,949	2,003
236,00	1,305	1,362	1,439	1,526	1,613	1,690	1,775	1,852	1,930	1,982
236,50	1,309	1,362	1,436	1,520	1,603	1,678	1,761	1,835	1,912	1,963
237,00	1,311	1,361	1,432	1,513	1,593	1,665	1,744	1,816	1,891	1,941
237,50	1,311	1,359	1,427	1,506	1,582	1,652	1,729	1,800	1,872	1,923
238,00	1,311	1,357	1,422	1,497	1,571	1,638	1,714	1,780	1,852	1,900
238,50	1,310	1,354	1,416	1,488	1,561	1,625	1,698	1,762	1,833	1,880
239,00	1,308	1,350	1,409	1,480	1,549	1,610	1,682	1,745	1,813	1,860
239,50	1,305	1,345	1,401	1,470	1,537	1,597	1,666	1,727	1,795	1,841
240,00	1,301	1,339	1,394	1,460	1,525	1,584	1,651	1,711	1,777	1,822
240,50	1,296	1,332	1,385	1,449	1,512	1,569	1,635	1,694	1,758	1,803
241,00	1,290	1,324	1,376	1,438	1,500	1,555	1,620	1,678	1,742	1,785
241,50	1,283	1,316	1,366	1,427	1,487	1,541	1,605	1,661	1,725	1,768
242,00	1,274	1,307	1,355	1,415	1,475	1,527	1,590	1,645	1,706	1,750
242,50	1,264	1,296	1,344	1,402	1,461	1,513	1,574	1,628	1,690	1,732
243,00	1,254	1,285	1,332	1,389	1,448	1,499	1,559	1,613	1,674	1,716
243,50	1,242	1,272	1,319	1,376	1,433	1,484	1,544	1,597	1,657	1,700
244,00	1,229	1,260	1,305	1,362	1,419	1,470	1,529	1,582	1,642	1,684
244,50	1,214	1,245	1,291	1,347	1,404	1,454	1,514	1,566	1,626	1,667
245,00	1,199	1,229	1,276	1,332	1,389	1,439	1,498	1,551	1,609	1,652
245,50	1,182	1,213	1,259	1,315	1,373	1,423	1,482	1,535	1,593	1,636
246,00	1,164	1,196	1,242	1,299	1,357	1,408	1,467	1,519	1,578	1,621
246,50	1,144	1,177	1,224	1,282	1,340	1,391	1,450	1,503	1,563	1,605
247,00	1,124	1,157	1,206	1,264	1,322	1,374	1,434	1,487	1,547	1,590
247,50	1,101	1,135	1,185	1,244	1,303	1,356	1,417	1,471	1,530	1,574
248,00	1,077	1,112	1,163	1,223	1,284	1,338	1,400	1,453	1,514	1,559
248,50	1,050	1,087	1,140	1,201	1,263	1,317	1,380	1,436	1,497	1,542
249,00	1,024	1,062	1,116	1,179	1,242	1,298	1,362	1,418	1,480	1,526
249,50	0,995	1,035	1,090	1,155	1,220	1,277	1,342	1,400	1,463	1,509
250,00	0,966	1,008	1,065	1,131	1,198	1,256	1,323	1,382	1,446	1,494
250,50	0,934	0,978	1,037	1,106	1,173	1,234	1,302	1,363	1,427	1,476
251,00	0,904	0,949	1,011	1,081	1,151	1,213	1,283	1,345	1,411	1,460
251,50	0,872	0,920	0,983	1,055	1,128	1,191	1,263	1,326	1,393	1,444
252,00	0,839	0,889	0,954	1,029	1,103	1,168	1,242	1,307	1,375	1,427
252,50	0,806	0,858	0,926	1,002	1,079	1,146	1,221	1,288	1,356	1,409
253,00	0,771	0,825	0,895	0,974	1,052	1,121	1,198	1,267	1,337	1,391
253,50	0,738	0,795	0,867	0,948	1,028	1,099	1,177	1,247	1,319	1,374
254,00	0,706	0,764	0,838	0,922	1,004	1,076	1,156	1,228	1,301	1,356
254,50	0,672	0,733	0,810	0,895	0,979	1,052	1,135	1,208	1,282	1,339
255,00	0,642	0,705	0,784	0,870	0,956	1,031	1,114	1,189	1,264	1,322
255,50	0,612	0,676	0,757	0,845	0,932	1,008	1,093	1,170	1,245	1,305
256,00	0,582	0,649	0,730	0,820	0,909	0,987	1,073	1,151	1,227	1,287
256,50	0,556	0,624	0,707	0,797	0,887	0,966	1,054	1,133	1,210	1,272
257,00	0,532	0,600	0,684	0,776	0,867	0,947	1,036	1,116	1,193	1,256
257,50	0,507	0,576	0,661	0,754	0,846	0,927	1,017	1,097	1,176	1,239
258,00	0,483	0,553	0,639	0,733	0,826	0,908	0,998	1,080	1,160	1,223
258,50	0,462	0,532	0,619	0,713	0,807	0,889	0,980	1,063	1,143	1,208
259,00	0,443	0,514	0,602	0,697	0,791	0,874	0,965	1,048	1,130	1,195
259,50	0,426	0,497	0,585	0,680	0,775	0,858	0,950	1,034	1,115	1,181
260,00	0,410	0,481	0,569	0,665	0,759	0,843	0,935	1,019	1,101	1,168
260,50	0,394	0,466	0,555	0,650	0,744	0,828	0,921	1,005	1,087	1,154
261,00	0,381	0,452	0,541	0,636	0,731	0,814	0,907	0,992	1,074	1,142
261,50	0,368	0,440	0,528	0,623	0,718	0,802	0,894	0,979	1,062	1,129
262,00	0,357	0,429	0,517	0,612	0,706	0,790	0,882	0,967	1,050	1,118
262,50	0,349	0,420	0,508	0,602	0,696	0,780	0,872	0,957	1,039	1,107
263,00	0,341	0,411	0,499	0,594	0,687	0,770	0,862	0,947	1,030	1,098
263,50	0,333	0,403	0,491	0,585	0,678	0,761	0,852	0,937	1,020	1,089
264,00	0,326	0,396	0,483	0,577	0,670	0,752	0,843	0,928	1,011	1,080
264,50	0,321	0,390	0,477	0,570	0,663	0,745	0,835	0,920	1,003	1,072
265,00	0,316	0,385	0,471	0,564	0,656	0,738	0,828	0,912	0,995	1,065
265,50	0,312	0,380	0,466	0,558	0,650	0,731	0,821	0,905	0,989	1,058
266,00	0,309	0,377	0,462	0,554	0,645	0,726	0,815	0,899	0,983	1,052
266,50	0,306	0,374	0,459	0,550	0,641	0,721	0,810	0,894	0,977	1,047
267,00	0,304	0,371	0,456	0,546	0,637	0,717	0,806	0,889	0,973	1,042
267,50	0,303	0,369	0,454	0,544	0,634	0,714	0,802	0,885	0,969	1,039
268,00	0,302	0,368	0,452	0,542	0,631	0,711	0,799	0,882	0,966	1,036
268,50	0,301	0,367	0,451	0,540	0,629	0,709	0,797	0,880	0,963	1,033
269,00	0,301	0,367	0,450	0,539	0,628	0,708	0,795	0,878	0,961	1,031
269,50	0,302	0,367	0,450	0,539	0,627	0,707	0,795	0,877	0,960	1,030
270,00	0,303	0,368	0,451	0,539	0,627	0,707	0,794	0,876	0,959	1,030
270,50	0,304	0,369	0,452	0,540	0,628	0,707	0,794	0,876	0,959	1,030
271,00	0,306	0,371	0,454	0,541	0,629	0,708	0,795	0,877	0,961	1,031
271,50	0,308	0,373	0,456	0,543	0,631	0,710	0,797	0,879	0,962	1,033
272,00	0,311	0,376	0,458	0,546	0,633	0,712	0,799	0,881	0,965	1,035
272,50	0,314	0,379	0,461	0,548	0,636	0,715	0,802	0,883	0,967	1,038
273,00	0,317	0,382	0,464	0,552	0,639	0,718	0,805	0,886	0,970	1,041
273,50	0,321	0,386	0,468	0,555	0,642	0,722	0,808	0,890	0,974	1,044
274,00	0,325	0,390	0,472	0,559	0,646	0,726	0,812	0,894	0,977	1,048
274,50	0,330	0,395	0,477	0,564	0,651	0,730	0,817	0,898	0,981	1,052
275,00	0,335	0,400	0,482	0,569	0,656	0,735	0,821	0,902	0,986	1,056
275,50	0,341	0,406	0,487	0,574	0,660	0,740	0,826	0,906	0,990	1,060
276,00	0,346	0,411	0,493	0,579	0,665	0,745	0,830	0,911	0,994	1,064
276,50	0,352	0,417	0,499	0,585	0,670	0,750	0,835	0,915	0,998	1,068
277,00	0,359	0,424	0,505	0,590	0,676	0,755	0,840	0,920	1,003	1,072
277,50	0,366	0,431	0,511	0,597	0,682	0,760	0,845	0,924	1,007	1,076
278,00	0,374	0,438	0,518	0,603	0,687	0,766	0,850	0,929	1,011	1,080
278,50	0,381	0,445	0,525	0,609	0,693	0,771	0,855	0,933	1,015	1,084
279,00	0,390	0,453	0,532	0,616	0,699	0,777	0,860	0,938	1,020	1,089
279,50	0,398	0,462	0,540	0,623	0,706	0,783	0,866	0,944	1,025	1,094
280,00	0,408	0,471	0,548	0,631	0,713	0,790	0,872	0,949	1,031	1,098
280,50	0,418	0,480	0,557	0,639	0,720	0,797	0,879	0,955	1,036	1,103
281,00	0,429	0,490	0,567	0,648	0,728	0,805	0,886	0,962	1,042	1,110
281,50	0,440	0,501	0,577	0,657	0,737	0,814	0,894	0,969	1,049	1,116
282,00	0,451	0,512	0,587	0,667	0,746	0,822	0,901	0,976	1,055	1,122
282,50	0,463	0,523	0,597	0,676	0,755	0,830	0,909	0,983	1,062	1,128
283,00	0,474	0,534	0,607	0,686	0,764	0,838	0,916	0,990	1,068	1,134
283,50	0,487	0,546	0,619	0,696	0,774	0,848	0,925	0,998	1,076	1,141
284,00	0,500	0,559	0,631	0,708	0,784	0,857	0,933	1,006	1,083	1,148
284,50	0,515	0,572	0,643	0,719	0,794	0,867	0,942	1,014	1,090	1,155
285,00	0,529	0,585	0,655	0,730	0,804	0,876	0,951	1,022	1,098	1,161
285,50	0,542	0,598	0,667	0,741	0,814	0,885	0,959	1,029	1,105	1,168
286,00	0,557	0,611	0,679	0,752	0,825	0,895	0,968	1,037	1,112	1,175
286,50	0,571	0,624	0,691	0,763	0,835	0,904	0,976	1,044	1,118	1,180
287,00	0,585	0,638	0,703	0,774	0,844	0,912	0,984	1,051	1,124	1,187
287,50	0,600	0,651	0,716	0,785	0,854	0,922	0,992	1,059	1,131	1,193
288,00	0,616	0,666	0,729	0,797	0,865	0,932	1,001	1,067	1,138	1,199
288,50	0,631	0,680	0,742	0,809	0,875	0,941	1,009	1,074	1,145	1,205
289,00	0,646	0,694	0,754	0,820	0,885	0,950	1,017	1,081	1,151	1,211
289,50	0,661	0,708	0,767	0,832	0,896	0,960	1,026	1,089	1,158	1,218
290,00	0,676	0,722	0,780	0,843	0,907	0,970	1,035	1,097	1,166	1,225
290,50	0,690	0,735	0,793	0,855	0,918	0,980	1,044	1,105	1,173	1,232
291,00	0,706	0,750	0,806	0,868	0,929	0,990	1,053	1,114	1,182	1,240
291,50	0,720	0,763	0,819	0,880	0,940	1,001	1,062	1,123	1,190	1,248
292,00	0,734	0,776	0,831	0,891	0,951	1,010	1,072	1,132	1,199	1,256
292,50	0,748	0,790	0,845	0,903	0,963	1,022	1,082	1,142	1,208	1,266
293,00	0,762	0,803	0,857	0,915	0,974	1,032	1,092	1,151	1,218	1,275
293,50	0,775	0,817	0,870	0,927	0,985	1,043	1,103	1,162	1,228	1,284
294,00	0,789	0,830	0,882	0,939	0,997	1,054	1,114	1,173	1,238	1,295
294,50	0,801	0,841	0,893	0,949	1,008	1,064	1,124	1,182	1,247	1,303
295,00	0,813	0,853	0,905	0,962	1,019	1,076	1,134	1,192	1,257	1,314
295,50	0,824	0,864	0,916	0,972	1,029	1,086	1,143	1,203	1,267	1,324
296,00	0,835	0,875	0,926	0,982	1,039	1,096	1,154	1,213	1,277	1,334
296,50	0,845	0,885	0,936	0,992	1,049	1,105	1,164	1,223	1,286	1,343
297,00	0,853	0,893	0,945	1,000	1,058	1,115	1,173	1,231	1,295	1,352
297,50	0,861	0,902	0,953	1,010	1,066	1,124	1,182	1,240	1,304	1,361
298,00	0,868	0,909	0,961	1,017	1,074	1,132	1,190	1,249	1,313	1,369
298,50	0,875	0,916	0,968	1,024	1,082	1,140	1,198	1,257	1,321	1,378
299,00	0,881	0,922	0,974	1,032	1,090	1,147	1,206	1,265	1,329	1,386
299,50	0,885	0,927	0,980	1,037	1,096	1,155	1,212	1,273	1,336	1,392
300,00	0,888	0,931	0,984	1,042	1,101	1,160	1,219	1,279	1,344	1,400
300,50	0,891	0,934	0,988	1,047	1,107	1,166	1,225	1,286	1,350	1,408
301,00	0,892	0,936	0,991	1,050	1,111	1,171	1,230	1,292	1,355	1,413
301,50	0,892	0,937	0,993	1,053	1,114	1,175	1,235	1,297	1,361	1,419
302,00	0,891	0,937	0,994	1,055	1,116	1,179	1,239	1,301	1,366	1,424
302,50	0,889	0,936	0,994	1,056	1,118	1,181	1,242	1,306	1,371	1,428
303,00	0,885	0,934	0,993	1,055	1,119	1,183	1,245	1,308	1,374	1,432
303,50	0,881	0,931	0,990	1,054	1,119	1,184	1,246	1,311	1,377	1,437
304,00	0,874	0,926	0,987	1,052	1,118	1,184	1,248	1,314	1,380	1,439
304,50	0,867	0,920	0,983	1,049	1,116	1,183	1,248	1,314	1,383	1,442
305,00	0,859	0,913	0,977	1,045	1,113	1,183	1,247	1,316	1,383	1,442
305,50	0,849	0,905	0,970	1,040	1,109	1,180	1,248	1,317	1,384	1,444
306,00	0,838	0,896	0,963	1,034	1,106	1,178	1,245	1,316	1,384	1,445
306,50	0,826	0,885	0,954	1,027	1,100	1,174	1,243	1,315	1,384	1,445
307,00	0,812	0,874	0,945	1,019	1,093	1,170	1,240	1,313	1,383	1,443
307,50	0,798	0,862	0,935	1,010	1,087	1,164	1,237	1,310	1,381	1,443
308,00	0,782	0,848	0,923	1,001	1,079	1,158	1,231	1,307	1,378	1,442
308,50	0,765	0,832	0,910	0,990	1,070	1,150	1,226	1,303	1,375	1,440
309,00	0,746	0,816	0,896	0,978	1,060	1,143	1,219	1,298	1,371	1,435
309,50	0,727	0,799	0,881	0,965	1,050	1,134	1,212	1,293	1,367	1,431
310,00	0,708	0,782	0,866	0,953	1,039	1,125	1,205	1,286	1,362	1,427
310,50	0,687	0,764	0,851	0,940	1,027	1,115	1,198	1,280	1,358	1,422
311,00	0,666	0,745	0,834	0,925	1,015	1,104	1,189	1,274	1,352	1,418
311,50	0,644	0,725	0,817	0,910	1,002	1,094	1,180	1,267	1,346	1,412
312,00	0,621	0,705	0,799	0,895	0,988	1,083	1,171	1,259	1,339	1,405
312,50	0,599	0,685	0,781	0,879	0,975	1,072	1,163	1,251	1,331	1,400
313,00	0,577	0,666	0,764	0,864	0,962	1,060	1,153	1,243	1,324	1,394
313,50	0,556	0,646	0,746	0,849	0,949	1,049	1,142	1,236	1,317	1,388
314,00	0,533	0,626	0,728	0,833	0,934	1,036	1,132	1,225	1,309	1,379
314,50	0,510	0,605	0,710	0,816	0,920	1,024	1,121	1,216	1,299	1,372
315,00	0,486	0,584	0,691	0,800	0,905	1,010	1,110	1,206	1,291	1,362
315,50	0,464	0,564	0,673	0,784	0,891	0,998	1,099	1,197	1,283	1,354
316,00	0,444	0,546	0,657	0,770	0,878	0,986	1,089	1,188	1,275	1,347
316,50	0,424	0,527	0,640	0,755	0,865	0,974	1,079	1,179	1,267	1,339
317,00	0,404	0,509	0,624	0,740	0,852	0,963	1,068	1,169	1,257	1,330
317,50	0,384	0,492	0,608	0,725	0,838	0,950	1,057	1,160	1,247	1,322
318,00	0,366	0,474	0,592	0,710	0,825	0,938	1,047	1,149	1,239	1,313
318,50	0,348	0,458	0,577	0,697	0,812	0,926	1,036	1,140	1,229	1,303
319,00	0,330	0,442	0,562	0,683	0,800	0,915	1,025	1,130	1,219	1,294
319,50	0,315	0,428	0,549	0,672	0,789	0,905	1,016	1,121	1,211	1,286
320,00	0,301	0,414	0,537	0,660	0,778	0,895	1,007	1,113	1,202	1,276
320,50	0,287	0,402	0,525	0,649	0,768	0,885	0,998	1,104	1,194	1,268
321,00	0,274	0,390	0,513	0,638	0,758	0,875	0,989	1,095	1,186	1,259
321,50	0,262	0,378	0,503	0,628	0,748	0,866	0,980	1,087	1,176	1,250
322,00	0,251	0,367	0,492	0,618	0,739	0,857	0,972	1,078	1,167	1,241
322,50	0,241	0,358	0,483	0,610	0,730	0,849	0,964	1,071	1,160	1,233
323,00	0,232	0,349	0,475	0,602	0,723	0,842	0,957	1,063	1,152	1,226
323,50	0,223	0,341	0,467	0,594	0,715	0,834	0,949	1,054	1,144	1,217
324,00	0,215	0,334	0,459	0,587	0,707	0,827	0,941	1,047	1,136	1,208
324,50	0,208	0,327	0,453	0,580	0,700	0,819	0,934	1,040	1,129	1,202
325,00	0,202	0,321	0,447	0,574	0,694	0,813	0,928	1,033	1,121	1,194
325,50	0,197	0,315	0,441	0,568	0,688	0,807	0,921	1,025	1,115	1,186
326,00	0,192	0,310	0,436	0,563	0,682	0,801	0,915	1,019	1,108	1,178
326,50	0,188	0,306	0,432	0,558	0,677	0,796	0,910	1,013	1,101	1,172
327,00	0,184	0,303	0,428	0,554	0,673	0,791	0,904	1,007	1,095	1,165
327,50	0,181	0,299	0,424	0,550	0,668	0,786	0,899	1,001	1,089	1,157
328,00	0,178	0,296	0,420	0,546	0,664	0,781	0,894	0,995	1,082	1,151
328,50	0,176	0,293	0,417	0,542	0,660	0,776	0,889	0,989	1,076	1,144
329,00	0,174	0,291	0,414	0,539	0,656	0,773	0,884	0,984	1,070	1,138
329,50	0,172	0,289	0,412	0,537	0,653	0,769	0,880	0,979	1,064	1,131
330,00	0,171	0,287	0,410	0,534	0,649	0,765	0,876	0,975	1,059	1,126
330,50	0,170	0,286	0,408	0,532	0,647	0,762	0,872	0,970	1,054	1,120
331,00	0,169	0,284	0,406	0,529	0,644	0,758	0,868	0,965	1,048	1,114
331,50	0,168	0,283	0,404	0,527	0,641	0,756	0,865	0,961	1,044	1,108
332,00	0,168	0,282	0,403	0,525	0,639	0,753	0,861	0,957	1,038	1,104
332,50	0,168	0,282	0,402	0,524	0,637	0,750	0,858	0,953	1,035	1,098
333,00	0,168	0,281	0,401	0,522	0,635	0,748	0,855	0,949	1,031	1,094
333,50	0,168	0,281	0,400	0,522	0,634	0,746	0,853	0,946	1,027	1,090
334,00	0,168	0,281	0,400	0,521	0,633	0,744	0,851	0,944	1,024	1,087
334,50	0,169	0,282	0,400	0,520	0,632	0,743	0,849	0,941	1,021	1,084
335,00	0,170	0,282	0,400	0,519	0,631	0,742	0,848	0,939	1,018	1,080
335,50	0,170	0,282	0,400	0,519	0,630	0,741	0,847	0,937	1,016	1,077
336,00	0,171	0,283	0,400	0,519	0,630	0,740	0,846	0,935	1,014	1,075
336,50	0,172	0,284	0,401	0,519	0,630	0,740	0,845	0,934	1,013	1,073
337,00	0,173	0,285	0,402	0,520	0,630	0,740	0,845	0,933	1,012	1,072
337,50	0,174	0,286	0,403	0,521	0,631	0,741	0,844	0,933	1,011	1,071
338,00	0,175	0,287	0,404	0,522	0,632	0,741	0,845	0,933	1,011	1,070
338,50	0,177	0,289	0,405	0,523	0,633	0,742	0,846	0,933	1,011	1,070
339,00	0,179	0,290	0,407	0,525	0,635	0,744	0,848	0,934	1,012	1,070
339,50	0,180	0,292	0,409	0,527	0,636	0,745	0,850	0,935	1,013	1,072
340,00	0,182	0,294	0,411	0,528	0,638	0,747	0,851	0,938	1,015	1,073
340,50	0,184	0,296	0,413	0,530	0,641	0,749	0,853	0,939	1,019	1,076
341,00	0,186	0,298	0,415	0,533	0,644	0,753	0,856	0,941	1,019	1,077
341,50	0,188	0,301	0,419	0,535	0,646	0,756	0,859	0,945	1,022	1,080
342,00	0,190	0,303	0,421	0,539	0,650	0,759	0,863	0,949	1,026	1,084
342,50	0,192	0,306	0,424	0,542	0,654	0,762	0,867	0,953	1,030	1,086
343,00	0,195	0,309	0,427	0,545	0,657	0,767	0,871	0,957	1,033	1,091
343,50	0,197	0,312	0,430	0,549	0,661	0,772	0,875	0,961	1,038	1,096
344,00	0,200	0,314	0,434	0,553	0,665	0,777	0,880	0,966	1,043	1,101
344,50	0,202	0,318	0,437	0,557	0,671	0,781	0,885	0,972	1,048	1,107
345,00	0,204	0,321	0,441	0,561	0,675	0,786	0,890	0,977	1,055	1,111
345,50	0,207	0,324	0,445	0,566	0,680	0,792	0,896	0,984	1,061	1,118
346,00	0,210	0,328	0,449	0,571	0,686	0,798	0,903	0,990	1,066	1,127
346,50	0,213	0,331	0,454	0,576	0,691	0,804	0,909	0,996	1,074	1,132
347,00	0,216	0,335	0,458	0,582	0,698	0,811	0,916	1,003	1,083	1,139
347,50	0,219	0,339	0,463	0,587	0,704	0,818	0,924	1,011	1,090	1,148
348,00	0,222	0,343	0,468	0,593	0,710	0,825	0,931	1,019	1,098	1,158
348,50	0,225	0,348	0,473	0,599	0,717	0,833	0,939	1,027	1,108	1,166
349,00	0,229	0,352	0,478	0,605	0,723	0,840	0,947	1,035	1,116	1,175
349,50	0,232	0,357	0,484	0,611	0,731	0,849	0,955	1,045	1,125	1,185
350,00	0,235	0,361	0,490	0,618	0,739	0,857	0,965	1,055	1,136	1,196
350,50	0,239	0,366	0,495	0,625	0,747	0,865	0,974	1,065	1,146	1,208
351,00	0,243	0,371	0,502	0,632	0,756	0,876	0,985	1,076	1,158	1,219
351,50	0,246	0,376	0,508	0,640	0,764	0,885	0,995	1,088	1,170	1,232
352,00	0,250	0,381	0,514	0,648	0,772	0,895	1,006	1,099	1,181	1,244
352,50	0,254	0,386	0,521	0,656	0,782	0,906	1,017	1,111	1,195	1,259
353,00	0,258	0,392	0,528	0,664	0,791	0,917	1,029	1,123	1,207	1,271
353,50	0,262	0,397	0,534	0,672	0,800	0,926	1,041	1,136	1,220	1,284
354,00	0,266	0,403	0,542	0,681	0,811	0,939	1,053	1,150	1,234	1,300
354,50	0,271	0,409	0,550	0,690	0,822	0,951	1,067	1,164	1,249	1,316
355,00	0,275	0,415	0,557	0,700	0,832	0,963	1,080	1,178	1,263	1,331
355,50	0,279	0,421	0,565	0,709	0,843	0,976	1,093	1,192	1,279	1,347
356,00	0,284	0,428	0,572	0,719	0,855	0,989	1,107	1,207	1,296	1,364
356,50	0,288	0,434	0,581	0,729	0,866	1,001	1,122	1,222	1,312	1,380
357,00	0,292	0,441	0,589	0,738	0,877	1,013	1,136	1,238	1,327	1,398
357,50	0,297	0,447	0,597	0,748	0,888	1,026	1,148	1,251	1,343	1,414
358,00	0,302	0,453	0,605	0,758	0,900	1,040	1,164	1,268	1,360	1,430
358,50	0,306	0,460	0,614	0,768	0,912	1,054	1,180	1,284	1,376	1,448
359,00	0,311	0,467	0,623	0,779	0,924	1,067	1,195	1,300	1,392	1,465
359,50	0,316	0,473	0,631	0,789	0,936	1,081	1,210	1,317	1,412	1,485
360,00	0,321	0,480	0,639	0,799	0,949	1,095	1,226	1,334	1,428	1,504
360,50	0,325	0,487	0,648	0,810	0,960	1,109	1,241	1,350	1,445	1,522
361,00	0,330	0,494	0,656	0,820	0,973	1,123	1,256	1,366	1,464	1,539
361,50	0,335	0,500	0,665	0,831	0,985	1,138	1,270	1,383	1,484	1,560
362,00	0,339	0,507	0,674	0,841	0,998	1,151	1,286	1,401	1,497	1,579
362,50	0,344	0,514	0,683	0,852	1,010	1,166	1,301	1,417	1,516	1,595
363,00	0,349	0,521	0,691	0,863	1,023	1,180	1,319	1,435	1,535	1,616
363,50	0,353	0,528	0,700	0,873	1,034	1,192	1,333	1,451	1,550	1,632
364,00	0,358	0,534	0,708	0,883	1,047	1,207	1,347	1,466	1,570	1,649
364,50	0,363	0,541	0,717	0,894	1,058	1,220	1,364	1,482	1,588	1,667
365,00	0,367	0,548	0,725	0,904	1,071	1,234	1,376	1,499	1,600	1,682
365,50	0,372	0,555	0,734	0,915	1,083	1,248	1,392	1,513	1,618	1,701
366,00	0,377	0,561	0,742	0,925	1,094	1,261	1,407	1,529	1,637	1,718
366,50	0,382	0,567	0,751	0,935	1,105	1,275	1,421	1,545	1,653	1,733
367,00	0,386	0,574	0,758	0,944	1,116	1,286	1,437	1,562	1,670	1,753
367,50	0,390	0,580	0,766	0,954	1,127	1,299	1,451	1,576	1,688	1,768
368,00	0,395	0,586	0,775	0,965	1,139	1,313	1,466	1,590	1,702	1,789
368,50	0,399	0,593	0,783	0,974	1,151	1,326	1,482	1,609	1,718	1,803
369,00	0,404	0,600	0,791	0,985	1,164	1,340	1,495	1,625	1,734	1,825
369,50	0,408	0,606	0,799	0,994	1,175	1,352	1,509	1,641	1,751	1,840
370,00	0,412	0,611	0,806	1,002	1,185	1,365	1,523	1,654	1,765	1,853
370,50	0,416	0,617	0,814	1,012	1,194	1,376	1,536	1,667	1,781	1,868
371,00	0,420	0,623	0,821	1,021	1,206	1,388	1,549	1,681	1,796	1,885
371,50	0,424	0,628	0,829	1,030	1,216	1,400	1,561	1,698	1,807	1,900
372,00	0,429	0,635	0,836	1,040	1,227	1,412	1,576	1,710	1,827	1,914
372,50	0,433	0,641	0,844	1,049	1,238	1,424	1,589	1,724	1,840	1,932
373,00	0,437	0,646	0,851	1,056	1,247	1,436	1,600	1,737	1,853	1,946
373,50	0,441	0,651	0,857	1,064	1,256	1,445	1,611	1,748	1,867	1,957
374,00	0,444	0,656	0,863	1,072	1,265	1,454	1,623	1,765	1,878	1,970
374,50	0,448	0,661	0,870	1,080	1,273	1,465	1,632	1,771	1,890	1,985
375,00	0,452	0,666	0,877	1,088	1,282	1,476	1,646	1,786	1,906	2,001
375,50	0,455	0,671	0,883	1,095	1,292	1,487	1,656	1,798	1,919	2,008
376,00	0,459	0,676	0,888	1,103	1,300	1,494	1,666	1,808	1,930	2,023
376,50	0,462	0,680	0,894	1,109	1,306	1,503	1,677	1,818	1,942	2,029
377,00	0,465	0,684	0,898	1,115	1,314	1,512	1,684	1,827	1,952	2,044
377,50	0,468	0,688	0,904	1,120	1,322	1,519	1,694	1,841	1,959	2,050
378,00	0,471	0,692	0,909	1,127	1,328	1,526	1,702	1,848	1,971	2,061
378,50	0,473	0,696	0,914	1,132	1,334	1,534	1,710	1,855	1,976	2,074
379,00	0,476	0,699	0,918	1,138	1,340	1,541	1,716	1,864	1,983	2,077
379,50	0,479	0,703	0,923	1,144	1,346	1,549	1,723	1,873	1,994	2,088
380,00	0,481	0,706	0,926	1,148	1,352	1,554	1,729	1,876	2,001	2,096
380,50	0,484	0,709	0,931	1,152	1,357	1,560	1,737	1,886	2,011	2,101
381,00	0,486	0,712	0,934	1,156	1,362	1,564	1,742	1,890	2,019	2,111
381,50	0,488	0,715	0,937	1,160	1,365	1,570	1,750	1,895	2,022	2,119
382,00	0,490	0,717	0,941	1,164	1,369	1,574	1,754	1,902	2,026	2,124
382,50	0,492	0,719	0,943	1,167	1,374	1,578	1,757	1,908	2,032	2,128
383,00	0,494	0,721	0,945	1,169	1,376	1,582	1,761	1,910	2,038	2,135
383,50	0,495	0,723	0,948	1,172	1,379	1,585	1,763	1,915	2,038	2,137
384,00	0,497	0,725	0,950	1,174	1,382	1,587	1,765	1,915	2,042	2,139
384,50	0,498	0,726	0,952	1,177	1,383	1,589	1,771	1,918	2,044	2,142
385,00	0,499	0,728	0,953	1,178	1,385	1,590	1,772	1,921	2,043	2,145
385,50	0,500	0,728	0,954	1,180	1,386	1,592	1,771	1,923	2,050	2,145
386,00	0,501	0,729	0,955	1,180	1,387	1,593	1,772	1,925	2,050	2,143
386,50	0,502	0,730	0,956	1,180	1,387	1,593	1,772	1,925	2,046	2,145
387,00	0,503	0,730	0,956	1,181	1,387	1,592	1,774	1,923	2,045	2,147
387,50	0,503	0,730	0,956	1,180	1,387	1,593	1,773	1,921	2,046	2,142
388,00	0,504	0,731	0,956	1,180	1,386	1,591	1,771	1,922	2,047	2,139
388,50	0,504	0,730	0,955	1,179	1,384	1,588	1,769	1,918	2,042	2,139
389,00	0,504	0,730	0,954	1,178	1,383	1,586	1,768	1,916	2,037	2,133
389,50	0,504	0,729	0,953	1,176	1,381	1,584	1,764	1,913	2,034	2,131
390,00	0,503	0,729	0,952	1,174	1,378	1,581	1,761	1,912	2,033	2,127
390,50	0,503	0,727	0,950	1,172	1,375	1,578	1,756	1,904	2,028	2,121
391,00	0,503	0,726	0,948	1,169	1,372	1,573	1,752	1,899	2,019	2,120
391,50	0,502	0,724	0,946	1,166	1,368	1,569	1,746	1,894	2,013	2,110
392,00	0,501	0,723	0,943	1,162	1,364	1,564	1,741	1,887	2,009	2,103
392,50	0,500	0,721	0,940	1,158	1,359	1,557	1,733	1,879	2,000	2,091
393,00	0,499	0,719	0,937	1,154	1,354	1,552	1,727	1,875	1,993	2,085
393,50	0,497	0,716	0,933	1,149	1,348	1,546	1,720	1,867	1,984	2,076
394,00	0,496	0,713	0,930	1,145	1,343	1,538	1,712	1,856	1,976	2,063
394,50	0,494	0,710	0,926	1,139	1,335	1,531	1,704	1,848	1,963	2,057
395,00	0,493	0,707	0,921	1,133	1,329	1,523	1,695	1,839	1,953	2,045
395,50	0,491	0,704	0,917	1,127	1,321	1,514	1,686	1,826	1,943	2,032
396,00	0,489	0,701	0,912	1,121	1,314	1,505	1,675	1,816	1,932	2,021
396,50	0,487	0,697	0,907	1,115	1,305	1,496	1,664	1,806	1,919	2,006
397,00	0,484	0,693	0,901	1,107	1,297	1,486	1,652	1,794	1,906	1,994
397,50	0,482	0,689	0,895	1,100	1,288	1,476	1,643	1,782	1,892	1,980
398,00	0,479	0,685	0,889	1,092	1,279	1,465	1,630	1,769	1,878	1,966
398,50	0,476	0,680	0,883	1,085	1,269	1,455	1,617	1,755	1,864	1,949
399,00	0,473	0,676	0,877	1,076	1,260	1,443	1,606	1,740	1,849	1,932
399,50	0,470	0,671	0,870	1,067	1,249	1,432	1,592	1,727	1,834	1,915
400,00	0,468	0,666	0,863	1,059	1,239	1,419	1,578	1,711	1,818	1,899
400,50	0,464	0,660	0,855	1,050	1,228	1,407	1,563	1,696	1,801	1,883
401,00	0,460	0,655	0,848	1,040	1,216	1,392	1,548	1,679	1,784	1,863
401,50	0,457	0,649	0,840	1,030	1,204	1,379	1,533	1,662	1,765	1,845
402,00	0,453	0,643	0,832	1,020	1,192	1,366	1,518	1,646	1,748	1,825
402,50	0,449	0,637	0,824	1,010	1,180	1,352	1,502	1,628	1,729	1,806
403,00	0,445	0,631	0,815	0,999	1,167	1,336	1,484	1,610	1,709	1,784
403,50	0,441	0,624	0,806	0,988	1,154	1,321	1,467	1,592	1,690	1,764
404,00	0,437	0,617	0,797	0,976	1,140	1,305	1,450	1,573	1,669	1,742
404,50	0,432	0,610	0,788	0,965	1,126	1,289	1,431	1,553	1,649	1,721
405,00	0,428	0,603	0,778	0,952	1,112	1,271	1,413	1,532	1,627	1,697
405,50	0,423	0,596	0,769	0,941	1,098	1,255	1,394	1,513	1,605	1,676
406,00	0,418	0,589	0,759	0,928	1,083	1,238	1,376	1,493	1,584	1,652
406,50	0,414	0,582	0,749	0,916	1,068	1,221	1,357	1,472	1,562	1,629
407,00	0,408	0,574	0,739	0,903	1,053	1,203	1,338	1,451	1,539	1,606
407,50	0,403	0,566	0,728	0,890	1,038	1,185	1,318	1,429	1,516	1,582
408,00	0,398	0,558	0,718	0,876	1,022	1,167	1,298	1,407	1,492	1,557
408,50	0,393	0,550	0,707	0,863	1,006	1,149	1,278	1,385	1,469	1,533
409,00	0,387	0,542	0,697	0,850	0,991	1,131	1,257	1,364	1,446	1,508
409,50	0,382	0,534	0,686	0,837	0,975	1,113	1,238	1,342	1,423	1,484
410,00	0,377	0,526	0,675	0,823	0,960	1,095	1,217	1,321	1,399	1,459
410,50	0,371	0,518	0,664	0,810	0,943	1,076	1,196	1,298	1,375	1,434
411,00	0,365	0,509	0,653	0,796	0,927	1,056	1,175	1,275	1,351	1,408
411,50	0,360	0,501	0,642	0,781	0,910	1,037	1,154	1,252	1,327	1,383
412,00	0,353	0,492	0,630	0,766	0,892	1,017	1,131	1,228	1,300	1,355
412,50	0,348	0,483	0,618	0,752	0,876	0,998	1,110	1,205	1,276	1,329
413,00	0,342	0,475	0,607	0,739	0,859	0,979	1,089	1,182	1,252	1,305
413,50	0,336	0,466	0,596	0,725	0,843	0,960	1,069	1,159	1,228	1,279
414,00	0,330	0,458	0,584	0,711	0,827	0,941	1,048	1,137	1,204	1,255
414,50	0,324	0,449	0,573	0,697	0,810	0,922	1,027	1,113	1,180	1,229
415,00	0,318	0,440	0,561	0,682	0,793	0,902	1,004	1,090	1,154	1,201
415,50	0,311	0,430	0,548	0,666	0,774	0,881	0,981	1,064	1,126	1,173
416,00	0,306	0,421	0,537	0,652	0,758	0,862	0,960	1,042	1,102	1,147
416,50	0,300	0,413	0,526	0,639	0,741	0,844	0,940	1,019	1,078	1,122
417,00	0,294	0,405	0,515	0,625	0,726	0,826	0,919	0,997	1,054	1,097
417,50	0,288	0,395	0,503	0,611	0,708	0,806	0,896	0,973	1,028	1,070
418,00	0,281	0,386	0,491	0,596	0,691	0,786	0,874	0,948	1,002	1,043
418,50	0,275	0,377	0,479	0,581	0,674	0,766	0,852	0,925	0,978	1,017
419,00	0,269	0,368	0,467	0,567	0,658	0,747	0,831	0,903	0,954	0,991
419,50	0,262	0,359	0,456	0,553	0,641	0,728	0,810	0,880	0,929	0,966
420,00	0,256	0,350	0,444	0,539	0,624	0,710	0,790	0,857	0,905	0,941
420,50	0,250	0,342	0,433	0,525	0,608	0,691	0,770	0,835	0,882	0,916
421,00	0,244	0,333	0,422	0,511	0,592	0,673	0,749	0,813	0,858	0,892
421,50	0,238	0,324	0,410	0,496	0,575	0,653	0,727	0,789	0,833	0,865
422,00	0,232	0,315	0,398	0,482	0,558	0,634	0,705	0,766	0,808	0,840
422,50	0,226	0,307	0,388	0,469	0,543	0,615	0,685	0,744	0,785	0,816
423,00	0,220	0,299	0,377	0,456	0,527	0,598	0,666	0,723	0,763	0,792
423,50	0,214	0,290	0,366	0,442	0,511	0,579	0,645	0,701	0,739	0,767
424,00	0,208	0,281	0,355	0,428	0,495	0,561	0,625	0,679	0,715	0,742
424,50	0,202	0,273	0,344	0,415	0,480	0,543	0,605	0,657	0,693	0,719
425,00	0,196	0,265	0,333	0,402	0,465	0,526	0,586	0,636	0,671	0,695
425,50	0,190	0,256	0,322	0,388	0,449	0,508	0,566	0,615	0,648	0,671
426,00	0,185	0,248	0,312	0,376	0,434	0,491	0,547	0,595	0,626	0,649
426,50	0,180	0,241	0,302	0,364	0,420	0,475	0,530	0,576	0,606	0,628
427,00	0,174	0,234	0,293	0,352	0,407	0,460	0,512	0,557	0,586	0,607
427,50	0,169	0,226	0,283	0,340	0,393	0,444	0,495	0,538	0,566	0,586
428,00	0,163	0,218	0,273	0,328	0,378	0,427	0,476	0,518	0,544	0,564
428,50	0,158	0,211	0,263	0,316	0,365	0,412	0,459	0,499	0,525	0,543
429,00	0,153	0,204	0,254	0,305	0,352	0,398	0,443	0,482	0,506	0,524
429,50	0,148	0,197	0,245	0,294	0,340	0,384	0,427	0,465	0,488	0,505
430,00	0,143	0,190	0,237	0,284	0,328	0,370	0,412	0,448	0,470	0,486
430,50	0,139	0,184	0,228	0,274	0,315	0,356	0,396	0,431	0,453	0,468
431,00	0,134	0,177	0,219	0,263	0,303	0,341	0,381	0,414	0,435	0,449
431,50	0,129	0,170	0,210	0,252	0,290	0,327	0,364	0,396	0,416	0,430
432,00	0,124	0,163	0,202	0,242	0,278	0,313	0,349	0,380	0,399	0,412
432,50	0,119	0,157	0,194	0,232	0,267	0,300	0,335	0,365	0,383	0,395
433,00	0,115	0,151	0,186	0,223	0,256	0,288	0,322	0,350	0,367	0,379
433,50	0,111	0,145	0,179	0,214	0,246	0,277	0,309	0,336	0,352	0,363
434,00	0,107	0,140	0,171	0,205	0,236	0,265	0,295	0,321	0,337	0,347
434,50	0,103	0,134	0,164	0,196	0,226	0,253	0,283	0,307	0,322	0,332
435,00	0,098	0,128	0,157	0,188	0,216	0,242	0,270	0,294	0,308	0,317
435,50	0,094	0,123	0,150	0,179	0,206	0,231	0,258	0,280	0,294	0,302
436,00	0,091	0,118	0,144	0,171	0,197	0,220	0,246	0,268	0,280	0,288
436,50	0,087	0,113	0,137	0,164	0,188	0,210	0,235	0,255	0,267	0,275
437,00	0,084	0,108	0,132	0,157	0,180	0,201	0,225	0,245	0,256	0,263
437,50	0,080	0,103	0,125	0,149	0,171	0,191	0,214	0,233	0,243	0,249
438,00	0,077	0,099	0,119	0,142	0,163	0,182	0,203	0,221	0,231	0,237
438,50	0,073	0,094	0,114	0,135	0,155	0,173	0,193	0,210	0,220	0,225
439,00	0,070	0,090	0,108	0,128	0,147	0,164	0,184	0,200	0,209	0,214
439,50	0,067	0,085	0,103	0,122	0,140	0,156	0,174	0,190	0,199	0,203
440,00	0,064	0,081	0,098	0,116	0,133	0,148	0,166	0,180	0,189	0,193
440,50	0,061	0,077	0,093	0,110	0,126	0,140	0,158	0,172	0,179	0,183
441,00	0,058	0,074	0,088	0,104	0,120	0,133	0,150	0,163	0,170	0,174
441,50	0,055	0,070	0,083	0,099	0,113	0,126	0,142	0,154	0,161	0,164
442,00	0,052	0,066	0,079	0,093	0,107	0,119	0,134	0,146	0,152	0,155
442,50	0,050	0,063	0,075	0,089	0,101	0,113	0,127	0,138	0,144	0,147
443,00	0,047	0,060	0,071	0,084	0,096	0,107	0,121	0,131	0,137	0,139
443,50	0,045	0,056	0,067	0,080	0,091	0,102	0,114	0,124	0,129	0,132
444,00	0,043	0,053	0,063	0,075	0,086	0,096	0,108	0,117	0,122	0,124
444,50	0,040	0,050	0,060	0,071	0,081	0,090	0,102	0,111	0,115	0,117
445,00	0,038	0,047	0,056	0,067	0,077	0,085	0,096	0,104	0,108	0,110
445,50	0,036	0,045	0,053	0,063	0,072	0,080	0,091	0,099	0,102	0,104
446,00	0,034	0,042	0,050	0,060	0,068	0,076	0,086	0,093	0,097	0,098
446,50	0,032	0,040	0,047	0,056	0,064	0,071	0,081	0,088	0,091	0,092
447,00	0,031	0,038	0,044	0,053	0,060	0,067	0,076	0,082	0,086	0,087
447,50	0,029	0,035	0,042	0,049	0,057	0,063	0,071	0,078	0,081	0,082
448,00	0,027	0,033	0,039	0,046	0,053	0,059	0,067	0,073	0,076	0,077
448,50	0,026	0,031	0,037	0,043	0,050	0,055	0,063	0,069	0,071	0,072
449,00	0,024	0,029	0,034	0,041	0,047	0,052	0,059	0,065	0,067	0,068
449,50	0,023	0,027	0,032	0,038	0,044	0,049	0,056	0,061	0,063	0,064
450,00	0,021	0,026	0,030	0,036	0,041	0,046	0,053	0,057	0,059	0,059
450,50	0,020	0,024	0,028	0,033	0,039	0,043	0,049	0,053	0,055	0,056
451,00	0,018	0,022	0,026	0,031	0,036	0,040	0,046	0,050	0,052	0,052
451,50	0,017	0,021	0,024	0,029	0,034	0,037	0,043	0,047	0,049	0,049
452,00	0,016	0,019	0,022	0,027	0,032	0,035	0,040	0,044	0,045	0,045
452,50	0,015	0,018	0,021	0,025	0,029	0,032	0,038	0,041	0,042	0,042
453,00	0,014	0,016	0,019	0,023	0,027	0,030	0,035	0,038	0,039	0,039
453,50	0,013	0,015	0,017	0,021	0,025	0,028	0,033	0,035	0,037	0,036
454,00	0,012	0,014	0,016	0,020	0,023	0,026	0,030	0,033	0,034	0,034
454,50	0,011	0,012	0,015	0,018	0,022	0,024	0,028	0,030	0,032	0,031
455,00	0,010	0,012	0,013	0,016	0,020	0,022	0,026	0,028	0,029	0,029
455,50	0,009	0,010	0,012	0,015	0,018	0,020	0,024	0,026	0,027	0,027
456,00	0,008	0,009	0,011	0,014	0,017	0,018	0,022	0,024	0,025	0,025
456,50	0,007	0,008	0,010	0,012	0,015	0,017	0,020	0,022	0,023	0,023
457,00	0,006	0,007	0,009	0,011	0,014	0,015	0,019	0,020	0,021	0,021
457,50	0,005	0,006	0,008	0,010	0,013	0,014	0,017	0,019	0,020	0,019
458,00	0,005	0,006	0,007	0,009	0,012	0,013	0,016	0,017	0,018	0,018
458,50	0,004	0,005	0,006	0,008	0,010	0,011	0,014	0,016	0,016	0,016
459,00	0,003	0,004	0,005	0,007	0,009	0,010	0,013	0,014	0,015	0,015
459,50	0,003	0,003	0,004	0,006	0,008	0,009	0,012	0,013	0,014	0,013
460,00	0,002	0,003	0,003	0,005	0,007	0,008	0,011	0,012	0,012	0,012
460,50	0,002	0,002	0,003	0,004	0,007	0,007	0,010	0,011	0,011	0,011
461,00	0,001	0,002	0,002	0,003	0,006	0,006	0,009	0,009	0,010	0,010
461,50	0,001	0,001	0,001	0,003	0,005	0,005	0,008	0,008	0,009	0,008
462,00	0,000	0,000	0,001	0,002	0,004	0,004	0,007	0,007	0,008	0,007
462,50	-0,000	-0,000	0,000	0,001	0,003	0,004	0,006	0,006	0,007	0,006
463,00	-0,001	-0,001	-0,000	0,001	0,003	0,003	0,005	0,005	0,006	0,006
463,50	-0,001	-0,001	-0,001	0,000	0,002	0,002	0,004	0,005	0,005	0,005
464,00	-0,001	-0,001	-0,001	-0,000	0,001	0,002	0,004	0,004	0,004	0,004
464,50	-0,002	-0,002	-0,002	-0,001	0,001	0,001	0,003	0,003	0,004	0,003
465,00	-0,002	-0,002	-0,002	-0,002	0,000	0,001	0,002	0,002	0,003	0,003
465,50	-0,002	-0,003	-0,003	-0,002	-0,000	0,000	0,002	0,002	0,002	0,002
466,00	-0,003	-0,003	-0,003	-0,002	-0,001	-0,000	0,001	0,001	0,002	0,001
466,50	-0,003	-0,003	-0,003	-0,003	-0,001	-0,001	0,001	0,001	0,001	0,001
467,00	-0,003	-0,003	-0,004	-0,003	-0,002	-0,001	0,000	0,000	0,000	0,000
467,50	-0,004	-0,004	-0,004	-0,004	-0,002	-0,002	-0,000	-0,001	-0,000	-0,000
468,00	-0,004	-0,004	-0,004	-0,004	-0,003	-0,002	-0,001	-0,001	-0,001	-0,001
468,50	-0,004	-0,004	-0,005	-0,004	-0,003	-0,003	-0,001	-0,001	-0,001	-0,001
469,00	-0,004	-0,004	-0,005	-0,005	-0,003	-0,003	-0,002	-0,002	-0,001	-0,002
469,50	-0,004	-0,005	-0,005	-0,005	-0,004	-0,003	-0,002	-0,002	-0,002	-0,002
470,00	-0,005	-0,005	-0,005	-0,005	-0,004	-0,004	-0,003	-0,003	-0,002	-0,002
470,50	-0,005	-0,005	-0,006	-0,005	-0,004	-0,004	-0,003	-0,003	-0,003	-0,003
471,00	-0,005	-0,005	-0,006	-0,006	-0,005	-0,004	-0,003	-0,003	-0,003	-0,003
471,50	-0,005	-0,006	-0,006	-0,006	-0,005	-0,005	-0,004	-0,004	-0,003	-0,003
472,00	-0,005	-0,006	-0,006	-0,006	-0,005	-0,005	-0,004	-0,004	-0,004	-0,004
472,50	-0,005	-0,006	-0,006	-0,006	-0,005	-0,005	-0,004	-0,004	-0,004	-0,004
473,00	-0,006	-0,006	-0,006	-0,007	-0,006	-0,005	-0,004	-0,005	-0,004	-0,004
473,50	-0,006	-0,006	-0,007	-0,007	-0,006	-0,005	-0,005	-0,005	-0,005	-0,005
474,00	-0,006	-0,006	-0,007	-0,007	-0,006	-0,006	-0,005	-0,005	-0,005	-0,005
474,50	-0,006	-0,006	-0,007	-0,007	-0,006	-0,006	-0,005	-0,005	-0,005	-0,005
475,00	-0,006	-0,006	-0,007	-0,007	-0,007	-0,006	-0,005	-0,006	-0,005	-0,005
475,50	-0,006	-0,006	-0,007	-0,007	-0,007	-0,006	-0,006	-0,006	-0,005	-0,005
476,00	-0,006	-0,007	-0,007	-0,008	-0,007	-0,007	-0,006	-0,006	-0,006	-0,006
476,50	-0,006	-0,007	-0,007	-0,008	-0,007	-0,007	-0,006	-0,006	-0,006	-0,006
477,00	-0,007	-0,007	-0,007	-0,008	-0,007	-0,007	-0,006	-0,006	-0,006	-0,006
477,50	-0,007	-0,007	-0,007	-0,008	-0,007	-0,007	-0,006	-0,006	-0,006	-0,006
478,00	-0,007	-0,007	-0,007	-0,008	-0,007	-0,007	-0,006	-0,007	-0,006	-0,006
478,50	-0,007	-0,007	-0,007	-0,008	-0,008	-0,007	-0,006	-0,007	-0,006	-0,006
479,00	-0,007	-0,007	-0,007	-0,008	-0,008	-0,007	-0,007	-0,007	-0,007	-0,006
479,50	-0,007	-0,007	-0,007	-0,008	-0,008	-0,007	-0,007	-0,007	-0,007	-0,007
480,00	-0,007	-0,007	-0,007	-0,008	-0,008	-0,007	-0,007	-0,007	-0,007	-0,007
480,50	-0,007	-0,007	-0,007	-0,008	-0,008	-0,008	-0,007	-0,007	-0,007	-0,007
481,00	-0,007	-0,007	-0,007	-0,009	-0,008	-0,008	-0,007	-0,008	-0,007	-0,007
481,50	-0,007	-0,007	-0,007	-0,009	-0,008	-0,008	-0,007	-0,008	-0,007	-0,007
482,00	-0,007	-0,007	-0,007	-0,009	-0,008	-0,008	-0,007	-0,008	-0,007	-0,007
482,50	-0,007	-0,007	-0,007	-0,009	-0,008	-0,008	-0,007	-0,008	-0,007	-0,007
483,00	-0,007	-0,007	-0,007	-0,009	-0,008	-0,008	-0,008	-0,008	-0,007	-0,007
483,50	-0,007	-0,007	-0,007	-0,009	-0,008	-0,008	-0,008	-0,008	-0,007	-0,007
484,00	-0,007	-0,007	-0,007	-0,009	-0,008	-0,008	-0,008	-0,008	-0,008	-0,007
484,50	-0,007	-0,007	-0,007	-0,009	-0,009	-0,008	-0,008	-0,008	-0,008	-0,007
485,00	-0,008	-0,007	-0,007	-0,009	-0,009	-0,008	-0,008	-0,008	-0,008	-0,008
485,50	-0,008	-0,007	-0,007	-0,009	-0,009	-0,008	-0,008	-0,008	-0,008	-0,008
486,00	-0,008	-0,007	-0,007	-0,009	-0,009	-0,008	-0,008	-0,008	-0,008	-0,008
486,50	-0,008	-0,007	-0,007	-0,009	-0,009	-0,008	-0,008	-0,008	-0,008	-0,008
487,00	-0,008	-0,007	-0,007	-0,009	-0,009	-0,008	-0,008	-0,008	-0,008	-0,008
487,50	-0,008	-0,007	-0,007	-0,009	-0,009	-0,008	-0,008	-0,008	-0,008	-0,008
488,00	-0,008	-0,007	-0,007	-0,009	-0,009	-0,008	-0,008	-0,008	-0,008	-0,008
488,50	-0,008	-0,007	-0,007	-0,009	-0,009	-0,008	-0,008	-0,008	-0,008	-0,008
489,00	-0,008	-0,007	-0,007	-0,009	-0,009	-0,009	-0,008	-0,008	-0,008	-0,008
489,50	-0,008	-0,007	-0,007	-0,009	-0,009	-0,009	-0,008	-0,008	-0,008	-0,008
490,00	-0,008	-0,007	-0,007	-0,009	-0,009	-0,009	-0,009	-0,009	-0,008	-0,008
490,50	-0,008	-0,007	-0,007	-0,009	-0,009	-0,009	-0,009	-0,009	-0,008	-0,008
491,00	-0,008	-0,007	-0,007	-0,009	-0,009	-0,009	-0,009	-0,009	-0,008	-0,008
491,50	-0,008	-0,007	-0,007	-0,009	-0,009	-0,009	-0,009	-0,009	-0,008	-0,008
492,00	-0,008	-0,007	-0,007	-0,009	-0,009	-0,009	-0,009	-0,009	-0,008	-0,008
492,50	-0,008	-0,007	-0,007	-0,009	-0,009	-0,009	-0,009	-0,009	-0,008	-0,008
493,00	-0,008	-0,007	-0,007	-0,009	-0,009	-0,009	-0,009	-0,009	-0,008	-0,008
493,50	-0,008	-0,007	-0,007	-0,009	-0,009	-0,009	-0,009	-0,009	-0,008	-0,008
494,00	-0,008	-0,007	-0,007	-0,009	-0,009	-0,009	-0,009	-0,009	-0,008	-0,008
494,50	-0,008	-0,007	-0,007	-0,009	-0,009	-0,009	-0,009	-0,009	-0,008	-0,008
495,00	-0,008	-0,007	-0,007	-0,009	-0,009	-0,009	-0,009	-0,009	-0,008	-0,008
495,50	-0,008	-0,007	-0,007	-0,009	-0,009	-0,009	-0,009	-0,009	-0,008	-0,008
496,00	-0,008	-0,007	-0,007	-0,009	-0,009	-0,009	-0,009	-0,009	-0,008	-0,008
496,50	-0,008	-0,007	-0,007	-0,009	-0,009	-0,009	-0,009	-0,009	-0,008	-0,008
497,00	-0,008	-0,007	-0,007	-0,009	-0,009	-0,009	-0,009	-0,009	-0,008	-0,008
497,50	-0,008	-0,007	-0,007	-0,009	-0,009	-0,009	-0,009	-0,009	-0,008	-0,008
498,00	-0,008	-0,007	-0,007	-0,009	-0,009	-0,009	-0,009	-0,009	-0,008	-0,008
498,50	-0,008	-0,007	-0,008	-0,009	-0,009	-0,009	-0,009	-0,009	-0,008	-0,008
499,00	-0,008	-0,007	-0,008	-0,009	-0,009	-0,009	-0,009	-0,009	-0,008	-0,008
499,50	-0,008	-0,007	-0,007	-0,009	-0,009	-0,009	-0,009	-0,009	-0,009	-0,008
500,00	-0,008	-0,007	-0,007	-0,009	-0,009	-0,009	-0,009	-0,009	-0,009	-0,008
