Spectra calibrating plot PL
wavelength	1E-4	1,5E-4	2E-4
190	0,453	0,633	0,812
190,5	0,82	0,652	1,509
191	0,502	1,241	1,27
191,5	0,914	0,827	1,042
192	0,482	0,931	1,163
192,5	0,458	0,781	0,744
193	0,843	0,631	0,731
193,5	0,838	1,326	1,355
194	0,367	0,684	1,203
194,5	0,553	0,83	1,044
195	0,456	0,967	0,779
195,5	0,332	1,053	1,371
196	0,439	0,492	0,985
196,5	0,466	0,937	0,78
197	0,541	1,751	0,902
197,5	0,611	0,543	1,145
198	0,531	0,71	1,717
198,5	0,429	0,658	1,535
199	0,554	0,49	1,34
199,5	0,431	0,993	0,702
200	0,499	0,622	1,144
200,5	0,48	0,895	1,119
201	0,462	0,765	0,927
201,5	0,499	0,764	0,732
202	0,427	0,622	1,043
202,5	0,517	1,091	0,75
203	0,437	0,456	0,8
203,5	0,569	0,639	0,834
204	0,429	0,769	0,663
204,5	0,545	0,62	1,309
205	0,435	0,633	1,638
205,5	0,55	0,714	0,906
206	0,498	0,782	0,709
206,5	0,476	0,643	1,008
207	0,525	0,715	1,014
207,5	0,576	0,84	0,925
208	0,646	0,83	1,048
208,5	0,712	0,998	1,213
209	0,74	1,075	1,37
209,5	0,741	1,081	1,415
210	0,754	1,101	1,426
210,5	0,748	1,097	1,439
211	0,74	1,09	1,432
211,5	0,732	1,08	1,424
212	0,722	1,067	1,4
212,5	0,711	1,051	1,379
213	0,698	1,033	1,354
213,5	0,685	1,015	1,329
214	0,672	0,995	1,302
214,5	0,658	0,975	1,274
215	0,644	0,954	1,246
215,5	0,63	0,933	1,217
216	0,615	0,91	1,187
216,5	0,6	0,888	1,157
217	0,585	0,866	1,127
217,5	0,571	0,844	1,097
218	0,557	0,823	1,069
218,5	0,544	0,803	1,042
219	0,531	0,783	1,015
219,5	0,518	0,764	0,99
220	0,506	0,746	0,966
220,5	0,495	0,729	0,943
221	0,485	0,713	0,922
221,5	0,475	0,699	0,902
222	0,466	0,686	0,885
222,5	0,458	0,673	0,868
223	0,451	0,662	0,853
223,5	0,444	0,652	0,839
224	0,438	0,642	0,827
224,5	0,432	0,634	0,816
225	0,428	0,627	0,807
225,5	0,424	0,621	0,8
226	0,421	0,616	0,793
226,5	0,418	0,612	0,788
227	0,416	0,609	0,784
227,5	0,415	0,607	0,781
228	0,414	0,606	0,779
228,5	0,414	0,605	0,778
229	0,413	0,605	0,778
229,5	0,414	0,605	0,779
230	0,414	0,606	0,78
230,5	0,415	0,607	0,782
231	0,416	0,608	0,784
231,5	0,417	0,61	0,786
232	0,418	0,612	0,788
232,5	0,419	0,613	0,79
233	0,42	0,615	0,793
233,5	0,421	0,617	0,795
234	0,422	0,618	0,797
234,5	0,423	0,62	0,8
235	0,424	0,621	0,802
235,5	0,425	0,622	0,803
236	0,425	0,624	0,805
236,5	0,426	0,624	0,806
237	0,426	0,625	0,807
237,5	0,426	0,625	0,807
238	0,426	0,625	0,807
238,5	0,426	0,624	0,807
239	0,425	0,624	0,806
239,5	0,425	0,623	0,805
240	0,424	0,621	0,803
240,5	0,423	0,62	0,801
241	0,421	0,618	0,798
241,5	0,42	0,616	0,796
242	0,419	0,613	0,793
242,5	0,417	0,611	0,79
243	0,415	0,608	0,786
243,5	0,413	0,606	0,783
244	0,412	0,603	0,779
244,5	0,41	0,6	0,776
245	0,408	0,598	0,772
245,5	0,407	0,595	0,769
246	0,405	0,593	0,766
246,5	0,403	0,59	0,763
247	0,402	0,588	0,76
247,5	0,4	0,586	0,757
248	0,399	0,584	0,754
248,5	0,398	0,582	0,752
249	0,397	0,58	0,75
249,5	0,396	0,579	0,748
250	0,395	0,578	0,747
250,5	0,395	0,578	0,746
251	0,395	0,577	0,746
251,5	0,395	0,577	0,746
252	0,395	0,578	0,747
252,5	0,396	0,578	0,748
253	0,397	0,58	0,75
253,5	0,398	0,582	0,752
254	0,399	0,584	0,755
254,5	0,401	0,586	0,759
255	0,403	0,589	0,763
255,5	0,405	0,593	0,768
256	0,408	0,597	0,773
256,5	0,411	0,601	0,779
257	0,414	0,606	0,785
257,5	0,417	0,611	0,792
258	0,421	0,617	0,799
258,5	0,424	0,622	0,806
259	0,428	0,627	0,813
259,5	0,431	0,633	0,82
260	0,435	0,639	0,828
260,5	0,439	0,645	0,836
261	0,443	0,651	0,844
261,5	0,447	0,657	0,852
262	0,451	0,663	0,861
262,5	0,455	0,668	0,868
263	0,458	0,674	0,875
263,5	0,462	0,68	0,883
264	0,466	0,686	0,891
264,5	0,47	0,691	0,899
265	0,473	0,697	0,906
265,5	0,476	0,702	0,912
266	0,479	0,706	0,918
266,5	0,482	0,711	0,924
267	0,485	0,715	0,93
267,5	0,488	0,719	0,935
268	0,49	0,722	0,94
268,5	0,492	0,726	0,944
269	0,494	0,729	0,949
269,5	0,496	0,732	0,953
270	0,498	0,735	0,957
270,5	0,5	0,738	0,96
271	0,502	0,741	0,964
271,5	0,503	0,743	0,967
272	0,504	0,745	0,969
272,5	0,505	0,746	0,971
273	0,506	0,747	0,972
273,5	0,506	0,747	0,973
274	0,506	0,747	0,973
274,5	0,506	0,747	0,972
275	0,505	0,746	0,971
275,5	0,504	0,745	0,97
276	0,504	0,744	0,968
276,5	0,503	0,742	0,966
277	0,502	0,741	0,965
277,5	0,501	0,74	0,963
278	0,5	0,739	0,961
278,5	0,5	0,738	0,96
279	0,499	0,737	0,96
279,5	0,499	0,737	0,959
280	0,499	0,737	0,958
280,5	0,498	0,736	0,958
281	0,498	0,736	0,957
281,5	0,498	0,735	0,956
282	0,497	0,735	0,955
282,5	0,496	0,733	0,954
283	0,496	0,732	0,952
283,5	0,495	0,731	0,951
284	0,494	0,729	0,948
284,5	0,492	0,727	0,946
285	0,491	0,726	0,944
285,5	0,49	0,724	0,942
286	0,49	0,723	0,94
286,5	0,489	0,723	0,939
287	0,489	0,722	0,939
287,5	0,489	0,722	0,939
288	0,489	0,723	0,94
288,5	0,49	0,724	0,941
289	0,49	0,725	0,943
289,5	0,491	0,726	0,945
290	0,493	0,728	0,947
290,5	0,494	0,729	0,949
291	0,495	0,731	0,951
291,5	0,496	0,733	0,953
292	0,497	0,734	0,956
292,5	0,498	0,736	0,958
293	0,499	0,737	0,96
293,5	0,5	0,739	0,961
294	0,5	0,74	0,963
294,5	0,501	0,741	0,964
295	0,502	0,742	0,966
295,5	0,502	0,742	0,966
296	0,502	0,743	0,967
296,5	0,502	0,743	0,967
297	0,502	0,743	0,967
297,5	0,502	0,742	0,967
298	0,502	0,742	0,967
298,5	0,502	0,742	0,966
299	0,501	0,741	0,964
299,5	0,5	0,74	0,963
300	0,499	0,738	0,962
300,5	0,498	0,737	0,959
301	0,497	0,735	0,957
301,5	0,496	0,733	0,954
302	0,494	0,731	0,951
302,5	0,493	0,728	0,948
303	0,491	0,726	0,945
303,5	0,489	0,722	0,941
304	0,487	0,719	0,937
304,5	0,485	0,716	0,932
305	0,482	0,712	0,928
305,5	0,48	0,708	0,922
306	0,477	0,704	0,917
306,5	0,474	0,7	0,911
307	0,471	0,696	0,906
307,5	0,469	0,691	0,9
308	0,465	0,687	0,894
308,5	0,462	0,682	0,887
309	0,459	0,676	0,88
309,5	0,455	0,671	0,873
310	0,452	0,665	0,866
310,5	0,448	0,66	0,858
311	0,444	0,654	0,85
311,5	0,44	0,648	0,843
312	0,436	0,642	0,835
312,5	0,432	0,636	0,826
313	0,428	0,63	0,818
313,5	0,424	0,624	0,81
314	0,42	0,617	0,801
314,5	0,415	0,61	0,792
315	0,411	0,603	0,783
315,5	0,406	0,596	0,774
316	0,402	0,59	0,765
316,5	0,397	0,583	0,756
317	0,392	0,576	0,746
317,5	0,388	0,568	0,737
318	0,383	0,561	0,727
318,5	0,378	0,553	0,717
319	0,372	0,545	0,706
319,5	0,368	0,538	0,697
320	0,363	0,531	0,687
320,5	0,358	0,523	0,677
321	0,353	0,516	0,667
321,5	0,348	0,508	0,656
322	0,342	0,5	0,646
322,5	0,337	0,492	0,636
323	0,333	0,485	0,626
323,5	0,327	0,476	0,615
324	0,322	0,469	0,605
324,5	0,317	0,461	0,594
325	0,312	0,453	0,584
325,5	0,307	0,445	0,574
326	0,301	0,437	0,563
326,5	0,297	0,43	0,554
327	0,292	0,423	0,544
327,5	0,287	0,415	0,534
328	0,282	0,407	0,523
328,5	0,277	0,399	0,513
329	0,272	0,392	0,504
329,5	0,267	0,385	0,494
330	0,262	0,378	0,484
330,5	0,257	0,37	0,475
331	0,253	0,363	0,464
331,5	0,248	0,355	0,455
332	0,243	0,348	0,445
332,5	0,238	0,341	0,436
333	0,234	0,334	0,427
333,5	0,229	0,327	0,418
334	0,225	0,32	0,409
334,5	0,22	0,313	0,399
335	0,216	0,306	0,39
335,5	0,211	0,299	0,381
336	0,207	0,293	0,372
336,5	0,202	0,286	0,364
337	0,198	0,279	0,355
337,5	0,194	0,273	0,346
338	0,189	0,267	0,338
338,5	0,185	0,26	0,33
339	0,181	0,254	0,321
339,5	0,177	0,248	0,313
340	0,173	0,242	0,305
340,5	0,169	0,235	0,297
341	0,165	0,229	0,289
341,5	0,161	0,224	0,282
342	0,157	0,218	0,274
342,5	0,154	0,213	0,268
343	0,151	0,208	0,261
343,5	0,147	0,202	0,254
344	0,144	0,197	0,247
344,5	0,14	0,192	0,24
345	0,137	0,187	0,234
345,5	0,134	0,182	0,227
346	0,131	0,178	0,221
346,5	0,128	0,174	0,216
347	0,125	0,169	0,21
347,5	0,123	0,165	0,204
348	0,12	0,161	0,199
348,5	0,117	0,157	0,194
349	0,115	0,153	0,189
349,5	0,112	0,149	0,184
350	0,11	0,145	0,179
350,5	0,108	0,142	0,175
351	0,106	0,138	0,169
351,5	0,103	0,135	0,165
352	0,101	0,132	0,16
352,5	0,099	0,128	0,156
353	0,097	0,125	0,152
353,5	0,095	0,122	0,148
354	0,093	0,119	0,144
354,5	0,091	0,116	0,14
355	0,089	0,113	0,136
355,5	0,087	0,11	0,132
356	0,085	0,108	0,128
356,5	0,084	0,105	0,125
357	0,082	0,102	0,122
357,5	0,081	0,1	0,119
358	0,079	0,098	0,115
358,5	0,077	0,095	0,112
359	0,076	0,093	0,11
359,5	0,075	0,091	0,107
360	0,073	0,089	0,104
360,5	0,072	0,088	0,102
361	0,071	0,086	0,099
361,5	0,07	0,084	0,097
362	0,069	0,082	0,094
362,5	0,068	0,081	0,092
363	0,067	0,079	0,09
363,5	0,066	0,078	0,088
364	0,065	0,076	0,087
364,5	0,064	0,075	0,085
365	0,063	0,074	0,083
365,5	0,062	0,072	0,081
366	0,061	0,071	0,079
366,5	0,061	0,07	0,078
367	0,06	0,069	0,077
367,5	0,06	0,068	0,075
368	0,059	0,067	0,074
368,5	0,058	0,066	0,072
369	0,057	0,065	0,071
369,5	0,057	0,064	0,07
370	0,056	0,063	0,068
370,5	0,056	0,062	0,068
371	0,055	0,062	0,066
371,5	0,055	0,061	0,065
372	0,054	0,06	0,064
372,5	0,054	0,06	0,064
373	0,053	0,059	0,063
373,5	0,053	0,058	0,062
374	0,053	0,058	0,061
374,5	0,052	0,057	0,06
375	0,052	0,057	0,06
375,5	0,052	0,056	0,059
376	0,051	0,056	0,058
376,5	0,051	0,055	0,058
377	0,051	0,055	0,057
377,5	0,05	0,055	0,056
378	0,05	0,054	0,056
378,5	0,05	0,054	0,055
379	0,05	0,053	0,055
379,5	0,049	0,053	0,054
380	0,049	0,053	0,054
380,5	0,049	0,053	0,054
381	0,049	0,052	0,053
381,5	0,049	0,052	0,053
382	0,049	0,052	0,052
382,5	0,048	0,051	0,052
383	0,048	0,051	0,052
383,5	0,048	0,051	0,051
384	0,048	0,051	0,051
384,5	0,048	0,051	0,051
385	0,048	0,05	0,051
385,5	0,047	0,05	0,05
386	0,047	0,05	0,05
386,5	0,047	0,05	0,05
387	0,047	0,05	0,05
387,5	0,047	0,05	0,049
388	0,047	0,049	0,049
388,5	0,047	0,049	0,049
389	0,047	0,049	0,049
389,5	0,047	0,049	0,049
390	0,047	0,049	0,048
390,5	0,047	0,049	0,048
391	0,046	0,049	0,048
391,5	0,046	0,049	0,048
392	0,046	0,048	0,048
392,5	0,046	0,048	0,048
393	0,046	0,048	0,048
393,5	0,046	0,048	0,047
394	0,046	0,048	0,047
394,5	0,046	0,048	0,047
395	0,046	0,048	0,047
395,5	0,046	0,048	0,047
396	0,046	0,048	0,047
396,5	0,046	0,048	0,047
397	0,046	0,048	0,047
397,5	0,046	0,048	0,047
398	0,046	0,048	0,047
398,5	0,046	0,047	0,046
399	0,045	0,047	0,046
399,5	0,045	0,047	0,046
400	0,045	0,047	0,046
400,5	0,045	0,047	0,046
401	0,045	0,047	0,046
401,5	0,045	0,047	0,046
402	0,045	0,047	0,046
402,5	0,045	0,047	0,046
403	0,045	0,047	0,046
403,5	0,045	0,047	0,046
404	0,045	0,047	0,046
404,5	0,045	0,047	0,046
405	0,045	0,047	0,046
405,5	0,045	0,047	0,046
406	0,045	0,047	0,046
406,5	0,045	0,047	0,046
407	0,045	0,047	0,046
407,5	0,045	0,047	0,046
408	0,045	0,047	0,046
408,5	0,045	0,047	0,046
409	0,045	0,047	0,046
409,5	0,045	0,047	0,046
410	0,045	0,047	0,046
410,5	0,045	0,047	0,046
411	0,045	0,047	0,046
411,5	0,045	0,047	0,046
412	0,045	0,047	0,046
412,5	0,045	0,047	0,046
413	0,045	0,047	0,046
413,5	0,045	0,047	0,046
414	0,045	0,047	0,046
414,5	0,045	0,047	0,046
415	0,045	0,047	0,046
415,5	0,045	0,047	0,046
416	0,045	0,047	0,046
416,5	0,045	0,047	0,046
417	0,045	0,047	0,046
417,5	0,045	0,047	0,046
418	0,045	0,047	0,046
418,5	0,045	0,047	0,046
419	0,045	0,047	0,046
419,5	0,045	0,047	0,046
420	0,045	0,047	0,046
420,5	0,045	0,047	0,046
421	0,045	0,047	0,046
421,5	0,045	0,047	0,046
422	0,045	0,047	0,046
422,5	0,045	0,047	0,046
423	0,045	0,047	0,046
423,5	0,045	0,047	0,046
424	0,045	0,047	0,046
424,5	0,045	0,047	0,046
425	0,045	0,047	0,046
425,5	0,045	0,047	0,046
426	0,045	0,047	0,046
426,5	0,045	0,047	0,046
427	0,045	0,047	0,046
427,5	0,045	0,047	0,046
428	0,045	0,047	0,046
428,5	0,045	0,047	0,046
429	0,045	0,047	0,046
429,5	0,045	0,047	0,046
430	0,045	0,047	0,046
430,5	0,045	0,047	0,046
431	0,045	0,047	0,046
431,5	0,045	0,047	0,046
432	0,045	0,047	0,046
432,5	0,045	0,047	0,046
433	0,045	0,047	0,046
433,5	0,045	0,047	0,046
434	0,045	0,047	0,046
434,5	0,045	0,047	0,046
435	0,045	0,047	0,046
435,5	0,045	0,047	0,046
436	0,045	0,047	0,046
436,5	0,045	0,047	0,046
437	0,045	0,047	0,046
437,5	0,045	0,047	0,046
438	0,045	0,047	0,046
438,5	0,045	0,047	0,046
439	0,045	0,047	0,046
439,5	0,045	0,047	0,046
440	0,045	0,047	0,046
440,5	0,045	0,047	0,046
441	0,045	0,047	0,046
441,5	0,045	0,047	0,046
442	0,045	0,047	0,046
442,5	0,045	0,047	0,046
443	0,045	0,047	0,046
443,5	0,045	0,047	0,046
444	0,045	0,047	0,046
444,5	0,045	0,047	0,046
445	0,045	0,047	0,046
445,5	0,045	0,047	0,046
446	0,045	0,047	0,046
446,5	0,045	0,047	0,046
447	0,045	0,047	0,046
447,5	0,045	0,047	0,046
448	0,045	0,047	0,046
448,5	0,045	0,047	0,046
449	0,045	0,047	0,046
449,5	0,045	0,047	0,046
450	0,045	0,047	0,046
450,5	0,045	0,047	0,046
451	0,045	0,047	0,046
451,5	0,045	0,047	0,046
452	0,045	0,047	0,046
452,5	0,045	0,047	0,046
453	0,045	0,047	0,046
453,5	0,045	0,047	0,046
454	0,045	0,047	0,046
454,5	0,045	0,047	0,046
455	0,045	0,047	0,046
455,5	0,045	0,047	0,046
456	0,045	0,047	0,046
456,5	0,045	0,047	0,046
457	0,045	0,047	0,046
457,5	0,045	0,047	0,046
458	0,045	0,047	0,046
458,5	0,045	0,047	0,046
459	0,045	0,047	0,046
459,5	0,045	0,047	0,046
460	0,045	0,047	0,046
460,5	0,045	0,047	0,046
461	0,045	0,047	0,046
461,5	0,045	0,047	0,046
462	0,045	0,047	0,046
462,5	0,045	0,047	0,046
463	0,045	0,047	0,046
463,5	0,045	0,047	0,046
464	0,045	0,047	0,046
464,5	0,045	0,047	0,046
465	0,045	0,047	0,046
465,5	0,045	0,047	0,046
466	0,045	0,047	0,046
466,5	0,045	0,047	0,046
467	0,045	0,047	0,046
467,5	0,045	0,047	0,046
468	0,045	0,047	0,046
468,5	0,045	0,047	0,046
469	0,045	0,047	0,046
469,5	0,045	0,047	0,046
470	0,045	0,047	0,046
470,5	0,045	0,047	0,046
471	0,045	0,047	0,046
471,5	0,045	0,047	0,046
472	0,045	0,047	0,046
472,5	0,045	0,047	0,046
473	0,045	0,047	0,046
473,5	0,045	0,047	0,046
474	0,045	0,047	0,046
474,5	0,045	0,047	0,046
475	0,045	0,047	0,046
475,5	0,045	0,047	0,046
476	0,045	0,047	0,046
476,5	0,045	0,047	0,046
477	0,045	0,047	0,046
477,5	0,045	0,047	0,046
478	0,045	0,047	0,046
478,5	0,045	0,047	0,046
479	0,045	0,047	0,046
479,5	0,045	0,047	0,046
480	0,045	0,047	0,046
480,5	0,045	0,047	0,046
481	0,045	0,047	0,046
481,5	0,045	0,047	0,046
482	0,045	0,047	0,046
482,5	0,045	0,047	0,046
483	0,045	0,047	0,046
483,5	0,045	0,047	0,046
484	0,045	0,047	0,046
484,5	0,045	0,047	0,046
485	0,045	0,047	0,046
485,5	0,045	0,047	0,046
486	0,045	0,047	0,046
486,5	0,045	0,047	0,046
487	0,045	0,047	0,046
487,5	0,045	0,047	0,046
488	0,045	0,047	0,046
488,5	0,045	0,047	0,046
489	0,045	0,047	0,046
489,5	0,045	0,047	0,046
490	0,045	0,047	0,046
490,5	0,045	0,047	0,046
491	0,045	0,047	0,046
491,5	0,045	0,047	0,046
492	0,045	0,047	0,046
492,5	0,045	0,047	0,046
493	0,045	0,047	0,046
493,5	0,045	0,047	0,046
494	0,045	0,047	0,046
494,5	0,045	0,047	0,046
495	0,045	0,047	0,046
495,5	0,045	0,047	0,046
496	0,045	0,047	0,046
496,5	0,045	0,047	0,046
497	0,045	0,047	0,046
497,5	0,045	0,047	0,046
498	0,045	0,047	0,046
498,5	0,045	0,047	0,046
499	0,045	0,047	0,046
499,5	0,045	0,047	0,046
500	0,045	0,047	0,046

