 
             <AFTMT>
 
030816                                                                          
 
   .    
 
  1)   1.149  .001 2.702  .001
  2)   1.543  .001 2.389  .001
  3)   1.642  .001 2.252  .001
  4)   1.685  .001 2.228  .001
  5)   1.701  .001 2.186  .001
  6)   1.704  .001 2.114  .001
  7)   1.750  .001 2.020  .001
  8)   1.787  .001 1.989  .001
 
        
 
        H          L          
  1)    7.000E-07  3.542E-04
  2)    3.559E-04  3.559E-04
  3)    6.845E-04  3.528E-04
  4)    1.026E-03  3.563E-04
  5)    1.716E-03  3.559E-04
  6)    3.059E-03  3.540E-04
  7)    7.119E-03  3.542E-04
  8)    1.394E-02  3.539E-04
 
  N       LgK     
 
                 H       L       
  3)     4.330   1.000   1.000     HL                                                                              
  4)     6.370   2.000   1.000     H2L                                                                             
  5)   -13.820  -1.000    .000     OH                                                                              
       3   4
      . ..   1   2   3   4
 
          
 
  . . .   .  . 
  1)   1.149  .000 2.704 -.002
  2)   1.543  .000 2.382  .007
  3)   1.638  .004 2.255 -.003
  4)   1.684  .001 2.235 -.007
  5)   1.703 -.002 2.183  .003
  6)   1.711 -.007 2.112  .002
  7)   1.743  .007 2.021 -.001
  8)   1.789 -.002 1.989  .000
  ..=2.51E-04
 
         
 
  1)  9.956E-08  3.534E-04  7.524E-07  8.288E-12  1.520E-07
  2)  1.055E-04  1.084E-04  2.446E-04  2.857E-06  1.434E-10
  3)  3.590E-04  3.928E-05  3.015E-04  1.198E-05  4.215E-11
  4)  6.685E-04  2.179E-05  3.115E-04  2.304E-05  2.264E-11
  5)  1.327E-03  1.062E-05  3.011E-04  4.419E-05  1.141E-11
  6)  2.631E-03  4.808E-06  2.705E-04  7.873E-05  5.751E-12
  7)  6.617E-03  1.439E-06  2.037E-04  1.491E-04  2.287E-12
  8)  1.338E-02  4.983E-07  1.425E-04  2.109E-04  1.131E-12
 
   
 LOG K( 3) =  4.3300      5.007E-02
 LOG K( 4) =  6.3739      2.248E-01
 
 .  
   .7404
 
   EPS 
  1)   6.842E+00   2.201E+00   1.973E+01   2.165E+00
 
  2)   3.242E+03   1.565E+01   7.637E+03   1.539E+01
 
  3)   4.811E+03   1.265E+01   6.291E+03   1.244E+01
 
  4)   4.786E+03   1.322E+02   3.662E+03   1.300E+02
 
