             <RRSU>
Ni+NiNH2

                       
 N         log K


          1       2       3
 - - - - - - - - - - -
 1)    1.000    0.000    0.000    0.000
 2)    0.000    1.000    0.000    0.000
 3)    0.000    0.000    1.000    0.000
 4)    1.000    1.000    0.000    3.140
 5)    0.000    1.000    1.000    1.450
 6)    0.000    2.000    1.000    2.790
 7)   -1.000    0.000    1.000   -8.900
 8)   -1.000    0.000    0.000  -13.880

 N             
             1            2            3
 1)    1.000E-0002  2.000E-0002  1.000E-0002
 2)    1.000E-0003  2.000E-0002  1.000E-0002
 3)    1.000E-0004  1.000E-0002  5.000E-0003

                                
N .                       

 1)    8.024E-0004  8.303E-0003  7.834E-0003  9.198E-0003  1.833E-0003
       3.330E-0004  1.229E-0008  1.642E-0011
 2)    4.710E-0005  1.466E-0002  6.470E-0003  9.531E-0004  2.673E-0003
       8.573E-0004  1.729E-0007  2.798E-0010
 3)    7.809E-0006  8.611E-0003  3.880E-0003  9.282E-0005  9.417E-0004
       1.774E-0004  6.255E-0007  1.688E-0009

      (%)   2    [1]

     1     2     3
p[1]    3.10  4.33  5.11
 - - - - - - - - - - - -
 2   |   42    73    86 
 4   |   46     5     1 
 5   |    9    13     9 
 6   |    3     9     4 
