 
     PC  PP <PHMETR> 
 
07.04.15 0 md EtOH                                                              
 
       
 
 P C C,    
 
       H           L           OH          
  1)   .1017E-01   .1017E-01   .6813E-05   3.481       .2000E-03
  2)   .1013E-01   .1013E-01   .5496E-03   3.817       .2000E-03
  3)   .1008E-01   .1008E-01   .1182E-02   4.107       .2000E-03
  4)   .1003E-01   .1003E-01   .1888E-02   4.302       .2000E-03
  5)   .9988E-02   .9988E-02   .2409E-02   4.430       .2000E-03
  6)   .9947E-02   .9947E-02   .2959E-02   4.557       .2000E-03
  7)   .9830E-02   .9830E-02   .4504E-02   4.898       .2000E-03
  8)   .9784E-02   .9784E-02   .5119E-02   5.033       .2000E-03
  9)   .9747E-02   .9747E-02   .5596E-02   5.149       .2000E-03
 10)   .9707E-02   .9707E-02   .6126E-02   5.332       .2000E-03
 
 
  N                        Lg K   CPC 
 
                 H       L       OH      
  4)     5.000   1.000   1.000    .000     HL                                                                              
  5)    -8.350  -1.000   1.000    .000     L-                                                                              
  6)    13.880   1.000    .000   1.000     OH                                                                              
 P - C N  1, C C C  1
 P C C  4
 
 
         P PC
 
 
      PCC..     C..      ..,%     C
  1)      3.492         -.1161E-01     -.3334          1.000    
  2)      3.836         -.1936E-01     -.5073          1.000    
  3)      4.123         -.1601E-01     -.3898          1.000    
  4)      4.347         -.4490E-01     -1.044          1.000    
  5)      4.479         -.4842E-01     -1.093          1.000    
  6)      4.601         -.4331E-01     -.9504          1.000    
  7)      4.898          .3057E-03      .6240E-02      1.000    
  8)      5.010          .2256E-01      .4483          1.000    
  9)      5.099          .4986E-01      .9683          1.000    
 10)      5.202          .1298          2.434          1.000    
 C P..=  .26842E-01
 C P=  19
 
 
PC P P P
 
  1)  3.218E-04  3.286E-04  2.790E-16  9.841E-03  4.561E-09  6.813E-06
  2)  1.458E-04  6.954E-04  4.968E-14  9.435E-03  2.130E-08  5.496E-04
  3)  7.540E-05  1.257E-03  2.066E-13  8.823E-03  7.447E-08  1.182E-03
  4)  4.502E-05  1.933E-03  5.527E-13  8.097E-03  1.917E-07  1.888E-03
  5)  3.321E-05  2.442E-03  9.560E-13  7.546E-03  3.284E-07  2.409E-03
  6)  2.508E-05  2.983E-03  1.555E-12  6.963E-03  5.312E-07  2.959E-03
  7)  1.265E-05  4.513E-03  4.691E-12  5.315E-03  1.593E-06  4.504E-03
  8)  9.767E-06  5.124E-03  6.908E-12  4.658E-03  2.343E-06  5.119E-03
  9)  7.959E-06  5.598E-03  9.267E-12  4.146E-03  3.141E-06  5.596E-03
 10)  6.280E-06  6.124E-03  1.286E-11  3.579E-03  4.355E-06  6.126E-03
  PP
 LOG K 4=  4.9688    +-     .19E-01
