 
     PÄCóÖí èé èPéÉPÄååÖ <PHMETR> 
 
21.02.2012 0.5 md EtOH                                                          
 
     àëïéÑçõÖ ÑÄççõÖ 
 
 äéçñÖçíPÄñàà ÅÄáàCçõï óÄCíàñ,àáåÖêÖççõÖ ÇÖãàóàçõ à àï èéÉêÖòçéëíà
 
       H           L           Ni          
  1)   .1061E-01   .2140E-02   .1841E-01   2.009       .2000E-03
  2)   .1048E-01   .5169E-02   .1819E-01   2.034       .2000E-03
  3)   .1034E-01   .8489E-02   .1795E-01   2.061       .2000E-03
  4)   .1020E-01   .1184E-01   .1770E-01   2.091       .2000E-03
  5)   .1010E-01   .1415E-01   .1753E-01   2.119       .2000E-03
  6)   .1000E-01   .1645E-01   .1736E-01   2.145       .2000E-03
  7)   .9906E-02   .1873E-01   .1719E-01   2.178       .2000E-03
  8)   .9800E-02   .2123E-01   .1701E-01   2.215       .2000E-03
  9)   .9691E-02   .2379E-01   .1682E-01   2.252       .2000E-03
 10)   .9599E-02   .2597E-01   .1666E-01   2.282       .2000E-03
 11)   .9527E-02   .2767E-01   .1653E-01   2.314       .2000E-03
 12)   .9454E-02   .2939E-01   .1641E-01   2.341       .2000E-03
 13)   .9384E-02   .3105E-01   .1629E-01   2.371       .2000E-03
 14)   .9309E-02   .3280E-01   .1616E-01   2.395       .2000E-03
 15)   .9217E-02   .3499E-01   .1600E-01   2.426       .2000E-03
 
 
  N                        Lg K   CíÖïàéåÖíPàóÖCäàÖ äéùîîàñàÖçíõ
 
                 H       L       Ni      
  4)     1.990   1.000   1.000    .000     HL                                                                              
  5)     1.500    .000   1.000   1.000     NiL                                                                             
  6)     3.000    .000   2.000   1.000     NiL2                                                                            
  7)    -9.860  -1.000    .000   1.000     NiOH                                                                            
  8)   -13.820  -1.000    .000    .000     OH                                                                              
 àáåÖPÖçÄ ä-ñàü óÄCíàñõ N  1, óàCãé àCäéåõï äéçCíÄçí  2
 çéåÖPÄ àCäéåõï äéçCíÄçí  5  6
 
 
         PÖáìãúíÄíõ PÄCóÖíÄ
 
 
      PÄCCóàí.áçÄó.     ÄÅC.éíäã.      éíç.éíäã.,%     ÇÖCÄ
  1)      1.989          .1935E-01      .9633          1.000    
  2)      2.018          .1561E-01      .7675          1.000    
  3)      2.053          .7493E-02      .3636          1.000    
  4)      2.092         -.1107E-02     -.5295E-01      1.000    
  5)      2.121         -.1557E-02     -.7345E-01      1.000    
  6)      2.151         -.6754E-02     -.3149          1.000    
  7)      2.183         -.4510E-02     -.2071          1.000    
  8)      2.218         -.3261E-02     -.1472          1.000    
  9)      2.256         -.3980E-02     -.1768          1.000    
 10)      2.288         -.6305E-02     -.2763          1.000    
 11)      2.314         -.1550E-04     -.6697E-03      1.000    
 12)      2.340          .9341E-03      .3991E-01      1.000    
 13)      2.365          .6223E-02      .2625          1.000    
 14)      2.391          .3509E-02      .1465          1.000    
 15)      2.423          .3063E-02      .1262          1.000    
 CìååÄ äÇÄÑP.éíäã.=  .87140E-03
 óàCãé àíÖPÄñàâ=  49
 
 
PÄÇçéÇÖCçõÖ äéçñÖçíPÄñàà èPéÑìäíéÇ PÖÄäñàâ
 
  1)  1.025E-02  3.612E-04  1.700E-02  3.617E-04  1.405E-03  6.295E-06  2.289E-10  1.477E-12
  2)  9.588E-03  9.524E-04  1.490E-02  8.924E-04  3.247E-03  3.838E-05  2.146E-10  1.578E-12
  3)  8.847E-03  1.727E-03  1.279E-02  1.493E-03  5.052E-03  1.083E-04  1.995E-10  1.710E-12
  4)  8.091E-03  2.668E-03  1.086E-02  2.109E-03  6.625E-03  2.193E-04  1.852E-10  1.870E-12
  5)  7.569E-03  3.422E-03  9.653E-03  2.531E-03  7.556E-03  3.208E-04  1.760E-10  1.999E-12
  6)  7.057E-03  4.266E-03  8.561E-03  2.943E-03  8.356E-03  4.424E-04  1.674E-10  2.144E-12
  7)  6.567E-03  5.202E-03  7.583E-03  3.339E-03  9.024E-03  5.826E-04  1.594E-10  2.304E-12
  8)  6.050E-03  6.343E-03  6.631E-03  3.750E-03  9.622E-03  7.574E-04  1.513E-10  2.501E-12
  9)  5.548E-03  7.642E-03  5.772E-03  4.143E-03  1.009E-02  9.570E-04  1.436E-10  2.728E-12
 10)  5.147E-03  8.849E-03  5.131E-03  4.452E-03  1.039E-02  1.141E-03  1.376E-10  2.940E-12
 11)  4.853E-03  9.856E-03  4.682E-03  4.674E-03  1.056E-02  1.291E-03  1.332E-10  3.118E-12
 12)  4.572E-03  1.093E-02  4.276E-03  4.882E-03  1.069E-02  1.449E-03  1.291E-10  3.310E-12
 13)  4.317E-03  1.201E-02  3.919E-03  5.067E-03  1.077E-02  1.604E-03  1.253E-10  3.505E-12
 14)  4.065E-03  1.320E-02  3.579E-03  5.244E-03  1.081E-02  1.771E-03  1.215E-10  3.723E-12
 15)  3.773E-03  1.477E-02  3.202E-03  5.444E-03  1.082E-02  1.982E-03  1.171E-10  4.011E-12
 çÄâÑÖççõÖ èÄPÄåÖíPõ
 LOG K 5=  2.3594    +-     .41E-01
 LOG K 6=  3.4531    +-     .84E-01
 äéùîî.èÄPçéâ äéPPÖãüñàà
  -.6746
