"molecule1_1"	"molecule2_1"	"molecule3_1"	"molecule4_1"	"molecule5_1"	"molecule1 + molecule2_1"	"molecule1 + molecule2_2"	"molecule1 + molecule2_3"	"molecule1 + molecule2 + molecule4_1"	"molecule1 + molecule2 + molecule4_2"	"molecule1 + molecule2 + molecule4_3"	"molecule1 + molecule2 + molecule4_4"	"- molecule1 + molecule4_1"	"molecule3_2"	"molecule3 + molecule4_1"	"molecule4 + molecule5_1"
"1"	5.47193060075838e-08	4.35648140123142e-06	8.259517860201e-05	1.08121321620378e-09	7.45206659465737e-20	0.0719907080442944	0.016804168421762	6.66127872978831e-08	1.3841647678127e-07	2.80843408700127e-07	2.87957484667867e-10	2.42518792359449e-11	2.21702589109534e-10	5.71419026054514e-10	9.5021249924772e-06	2.54793340624783e-20
"2"	3.92626363472257e-08	6.3931904435632e-06	6.47880379834073e-05	3.40379993218273e-09	4.81608329433754e-20	0.0758048685850804	0.0126962819036889	3.61123719046309e-08	4.58839845109512e-07	9.80298241711158e-07	6.84921157679074e-10	4.35830017660115e-11	9.72712658642102e-10	4.48223712219937e-10	1.84057568965835e-05	5.18391670571381e-20
"3"	5.47228702823064e-08	3.99291961879961e-06	4.8107002396986e-05	8.97114022037696e-09	2.60625463599896e-20	0.0659871598202329	0.0154038153764764	6.10656765883965e-08	1.05270595806089e-06	1.95779185358041e-06	2.19016053747683e-09	1.69084677794175e-10	1.83941098693577e-09	3.32819141763064e-10	2.67463323919366e-05	7.39374536400113e-20
"4"	5.4727940615608e-08	3.81071608009767e-06	3.52048982938125e-05	2.07920958099104e-08	1.32012539677455e-20	0.0629818914032496	0.0147036381007256	5.82953495953828e-08	2.32870226975134e-06	4.13361158046459e-06	4.84532678506818e-09	3.57065489549456e-10	4.26274311437927e-09	2.43558389677107e-10	3.31974293792115e-05	8.67987466014321e-20
"5"	5.47365109146716e-08	3.62811583017332e-06	2.64353503687252e-05	4.1745766864785e-08	7.04167303152096e-21	0.0599733425383925	0.0140034603149184	5.55280567901287e-08	4.45215932665477e-06	7.525388963188e-06	9.26505087421488e-09	6.50254210984737e-10	8.55727192482073e-09	1.82887941121774e-10	3.75822333743317e-05	9.29583269725489e-20
"6"	5.47482812436143e-08	3.44522693835876e-06	2.08363248078989e-05	7.22009754521897e-08	4.19604718423431e-21	0.0569624058665408	0.0133032824966306	5.27629784158917e-08	7.31360311511096e-06	1.17413953822215e-05	1.52230571745555e-08	1.01498749581020e-09	1.47969625777812e-08	1.4415214822231e-10	4.0381765519978e-05	9.5803952815769e-20
"7"	5.47626832629993e-08	3.26218150633846e-06	1.71176203726648e-05	1.11904809667856e-07	2.74820344760703e-21	0.053950172903763	0.0126031051721784	4.99991107094244e-08	1.07359775280608e-05	1.63242950098622e-05	2.23525107973582e-08	1.41189979045813e-09	2.29278870375072e-08	1.18424999222424e-10	4.2241130625363e-05	9.72517965789993e-20
"8"	5.47794384478432e-08	3.07906377005467e-06	1.44775282472813e-05	1.6132840920442e-07	1.92246608026672e-21	0.0509373397201389	0.0119029287911701	4.72358148223707e-08	1.46132599864922e-05	2.09789317691348e-05	3.04343959786216e-08	1.81559309479293e-09	3.30440503699004e-08	1.0016002423823e-10	4.35611857963845e-05	9.80775339197679e-20
"9"	5.47985655031628e-08	2.89591900803727e-06	1.24860634505647e-05	2.21852402922235e-07	1.40536504195348e-21	0.047924280491445	0.0112027537864045	4.44727495757641e-08	1.89068743645106e-05	2.55373212442338e-05	3.93902673231826e-08	2.21163635022672e-09	4.54250011700792e-08	8.63824539995962e-11	4.45569250834905e-05	9.85946349580465e-20
"10"	5.47228875479908e-08	2.72243915082703e-06	4.2957809709431e-05	1.23337098223481e-08	1.73460130526062e-05	0.044991159646946	0.0105025847047167	4.16356355615804e-08	9.86781306653099e-07	1.25126155470489e-06	2.05300458526756e-09	1.08065262367672e-10	2.52885961446091e-09	2.97195431998266e-10	2.93209465482157e-05	6.76539869538576e-05
"11"	5.47194089024794e-08	2.72278534279773e-06	7.10471770785006e-05	2.22617802819657e-09	4.98832349781443e-05	0.0449940204530305	0.0105025848468632	4.16329894150031e-08	1.78120823147505e-07	2.25875691363313e-07	3.7055791219324e-10	1.95052845146662e-11	4.5647657390629e-10	4.91526374992686e-10	1.4476165700208e-05	3.51167650717296e-05
