             <RRSU>
proba

                       
 N         log K


          1       2       3
 - - - - - - - - - - -
 1)    1.000    0.000    0.000    0.000
 2)    0.000    1.000    0.000    0.000
 3)    0.000    0.000    1.000    0.000
 4)    1.000    1.000    0.000    3.140
 5)    0.000    1.000    1.000    1.450
 6)    0.000    2.000    1.000    2.790
 7)   -1.000    0.000    1.000   -8.900
 8)   -1.000    0.000    0.000  -13.880

  p[C]
 1)       1.0000     3.0000
 2)       2.0000     3.0000
 3)       4.0000     2.0000

 N             
             1            2            3
 1)    2.380E-0001  1.392E-0001  5.000E-0003
 2)    2.380E-0002  1.495E-0002  5.000E-0003
 3)    1.480E-0003  1.289E-0002  5.000E-0003

                                
N .                       

 1)    1.000E-0001  1.000E-0003  4.860E-0003  1.380E-0001  1.370E-0004
       2.997E-0006  6.118E-0011  1.318E-0013
 2)    1.000E-0002  1.000E-0003  4.860E-0003  1.380E-0002  1.370E-0004
       2.997E-0006  6.118E-0010  1.318E-0012
 3)    9.999E-0005  1.000E-0002  3.722E-0003  1.380E-0003  1.049E-0003
       2.295E-0004  4.685E-0008  1.318E-0010

      (%)   2    [1]

     1     2     3
p[1]    1.00  2.00  4.00
 - - - - - - - - - - - -
 2   |    1     7    78 
 4   |   99    92    11 
 5   |    0     1     8 
 6   |    0     0     4 
