 
             <AFTMT>
 
Schiff Base T3H+PLP pH 7.4                                                      
 
   .    
 
  1)   1.464  .003
  2)   1.500  .003
  3)   1.505  .003
  4)   1.547  .003
  5)   1.583  .003
  6)   1.660  .003
  7)   1.693  .003
  8)   1.717  .003
  9)   1.723  .003
 10)   1.660  .003
 11)   1.638  .003
 12)   1.736  .003
 
        
 
        H          L          
  1)    2.740E-05  4.737E-04
  2)    1.085E-04  4.737E-04
  3)    1.487E-04  4.737E-04
  4)    2.299E-05  4.737E-04
  5)    3.118E-05  4.737E-04
  6)    4.760E-05  4.737E-04
  7)    6.125E-04  4.737E-04
  8)    7.476E-04  4.737E-04
  9)    8.825E-04  4.737E-04
 10)    1.416E-03  4.737E-04
 11)    1.824E-03  4.737E-04
 12)    5.209E-03  4.737E-04
 
  N       LgK     
 
                 H       L       
  3)     5.000   1.000   1.000     HL                                                                              
  4)     8.000   2.000   1.000     H2L                                                                             
  5)   -13.820  -1.000    .000     HOH                                                                             
       3   4
    . 
  1)     .0000    
  2)     3176.    
  5)     .0000    
      . ..   3   4
 
          
 
  . . .   .  . 
  1)   1.540 -.076
  2)   1.559 -.059
  3)   1.570 -.065
  4)   1.539  .008
  5)   1.540  .043
  6)   1.544  .116
  7)   1.681  .012
  8)   1.682  .035
  9)   1.683  .040
 10)   1.688 -.028
 11)   1.691 -.053
 12)   1.721  .015
  ..=3.56E-02
 
         
 
  1)  2.235E-10  3.786E-04  9.511E-05  1.537E-20  6.771E-05
  2)  3.983E-10  3.272E-04  1.465E-04  4.220E-20  3.800E-05
  3)  5.315E-10  2.965E-04  1.772E-04  6.811E-20  2.847E-05
  4)  2.167E-10  3.809E-04  9.281E-05  1.455E-20  6.982E-05
  5)  2.294E-10  3.766E-04  9.713E-05  1.612E-20  6.595E-05
  6)  2.575E-10  3.673E-04  1.064E-04  1.981E-20  5.876E-05
  7)  1.388E-04  3.036E-09  4.737E-04  4.756E-14  1.090E-10
  8)  2.739E-04  1.538E-09  4.737E-04  9.385E-14  5.525E-11
  9)  4.088E-04  1.031E-09  4.737E-04  1.401E-13  3.702E-11
 10)  9.423E-04  4.472E-10  4.737E-04  3.229E-13  1.606E-11
 11)  1.350E-03  3.121E-10  4.737E-04  4.627E-13  1.121E-11
 12)  4.735E-03  8.898E-11  4.737E-04  1.623E-12  3.196E-12
 
   
 LOG K( 3) =  9.0508      9.279E-01
 LOG K( 4) =  2.9102      2.191E+04
 
 .  
   .0830
 
   EPS 
  3)   3.545E+03   6.311E+01
 
  4)   3.229E+10   4.383E+10
 
