       êÄëóÖí êÄÇçéÇÖëçõï ëéëíÄÇéÇ èé èêéÉêÄååÖ  <RRSU>


                      àëïéÑçõÖ ÑÄççõÖ
 N    ëíÖïàéåÖíêàóÖëäàÖ äéùîîàñàÖçíõ    log K


          1       2       3
 - - - - - - - - - - -
 1)    1.000    0.000    0.000    0.000
 2)    0.000    1.000    0.000    0.000
 3)    0.000    0.000    1.000    0.000
 4)    0.000    2.000    1.000   11.220
 5)   -1.000    0.000    1.000   -7.830

àëïéÑçõÖ áçÄóÖçàü p[C]
 1)       7.4000
 2)       7.4000
 3)       7.4000
 4)       7.4000
 5)       7.4000
 6)       7.4000
 7)       7.4000
 8)       7.4000
 9)       7.4000
10)       7.4000
11)       7.4000
12)       7.4000
13)       7.4000
14)       7.4000
15)       7.4000
16)       7.4000
17)       7.4000
18)       7.4000
19)       7.4000
20)       7.4000
21)       7.4000
22)       7.4000
23)       7.4000
24)       7.4000
25)       7.4000
26)       7.4000
27)       7.4000
28)       7.4000
29)       7.4000
30)       7.4000
31)       7.4000

 N            éÅôàÖ äéçñÖçíêÄñàà
             1            2            3
 1)   -2.311E-0007  1.000E-0010  1.000E-0006
 2)   -2.311E-0007  2.000E-0010  1.000E-0006
 3)   -2.311E-0007  3.980E-0010  1.000E-0006
 4)   -2.311E-0007  7.940E-0010  1.000E-0006
 5)   -2.311E-0007  1.580E-0009  1.000E-0006
 6)   -2.311E-0007  3.160E-0009  1.000E-0006
 7)   -2.311E-0007  6.310E-0009  1.000E-0006
 8)   -2.311E-0007  1.260E-0008  1.000E-0006
 9)   -2.311E-0007  2.510E-0008  1.000E-0006
10)   -2.310E-0007  5.010E-0008  1.000E-0006
11)   -2.308E-0007  1.000E-0007  1.000E-0006
12)   -2.299E-0007  2.000E-0007  1.000E-0006
13)   -2.268E-0007  3.980E-0007  1.000E-0006
14)   -2.165E-0007  7.940E-0007  1.000E-0006
15)   -1.875E-0007  1.580E-0006  1.000E-0006
16)   -1.222E-0007  3.160E-0006  1.000E-0006
17)   -3.099E-0008  6.310E-0006  1.000E-0006
18)    2.168E-0008  1.260E-0005  1.000E-0006
19)    3.569E-0008  2.510E-0005  1.000E-0006
20)    3.884E-0008  5.010E-0005  1.000E-0006
21)    3.957E-0008  1.000E-0004  1.000E-0006
22)    3.975E-0008  2.000E-0004  1.000E-0006
23)    3.979E-0008  3.980E-0004  1.000E-0006
24)    3.980E-0008  7.940E-0004  1.000E-0006
25)    3.981E-0008  1.585E-0003  1.000E-0006
26)    3.981E-0008  3.162E-0003  1.000E-0006
27)    3.981E-0008  6.310E-0003  1.000E-0006
28)    3.981E-0008  1.259E-0002  1.000E-0006
29)    3.981E-0008  2.512E-0002  1.000E-0006
30)    3.981E-0008  5.012E-0001  1.000E-0006
31)    3.981E-0008  1.000E-0001  1.000E-0006

                               êÖáìãúíÄíõ êÄëóÖíÄ
N ¢†‡.                      êÄÇçéÇÖëçõÖ äéçñÖçíêÄñàà

 1)    3.981E-0008  1.000E-0010  7.291E-0007  1.210E-0015  2.709E-0007
 2)    3.981E-0008  2.000E-0010  7.291E-0007  4.840E-0015  2.709E-0007
 3)    3.981E-0008  3.980E-0010  7.291E-0007  1.917E-0014  2.709E-0007
 4)    3.981E-0008  7.938E-0010  7.291E-0007  7.627E-0014  2.709E-0007
 5)    3.981E-0008  1.579E-0009  7.291E-0007  3.019E-0013  2.709E-0007
 6)    3.981E-0008  3.158E-0009  7.291E-0007  1.207E-0012  2.709E-0007
 7)    3.981E-0008  6.300E-0009  7.291E-0007  4.804E-0012  2.709E-0007
 8)    3.981E-0008  1.256E-0008  7.291E-0007  1.910E-0011  2.709E-0007
 9)    3.981E-0008  2.495E-0008  7.291E-0007  7.533E-0011  2.709E-0007
10)    3.981E-0008  4.951E-0008  7.289E-0007  2.965E-0010  2.708E-0007
11)    3.981E-0008  9.769E-0008  7.283E-0007  1.154E-0009  2.706E-0007
12)    3.981E-0008  1.912E-0007  7.259E-0007  4.404E-0009  2.697E-0007
13)    3.981E-0008  3.661E-0007  7.175E-0007  1.596E-0008  2.666E-0007
14)    3.981E-0008  6.862E-0007  6.898E-0007  5.391E-0008  2.563E-0007
15)    3.981E-0008  1.258E-0006  6.119E-0007  1.608E-0007  2.273E-0007
16)    3.981E-0008  2.356E-0006  4.361E-0007  4.019E-0007  1.620E-0007
17)    3.981E-0008  4.833E-0006  1.905E-0007  7.387E-0007  7.079E-0008
18)    3.981E-0008  1.073E-0005  4.879E-0008  9.331E-0007  1.813E-0008
19)    3.981E-0008  2.313E-0005  1.109E-0008  9.848E-0007  4.120E-0009
20)    3.981E-0008  4.811E-0005  2.594E-0009  9.964E-0007  9.637E-0010
21)    3.981E-0008  9.800E-0005  6.267E-0010  9.991E-0007  2.329E-0010
22)    3.981E-0008  1.980E-0004  1.536E-0010  9.998E-0007  5.708E-0011
23)    3.981E-0008  3.960E-0004  3.842E-0011  9.999E-0007  1.427E-0011
24)    3.981E-0008  7.920E-0004  9.604E-0012  1.000E-0006  3.568E-0012
25)    3.981E-0008  1.583E-0003  2.404E-0012  1.000E-0006  8.932E-0013
26)    3.981E-0008  3.160E-0003  6.033E-0013  1.000E-0006  2.242E-0013
27)    3.981E-0008  6.308E-0003  1.514E-0013  1.000E-0006  5.625E-0014
28)    3.981E-0008  1.259E-0002  3.802E-0014  1.000E-0006  1.413E-0014
29)    3.981E-0008  2.512E-0002  9.549E-0015  1.000E-0006  3.548E-0015
30)    3.981E-0008  5.012E-0001  2.398E-0017  1.000E-0006  8.911E-0018
31)    3.981E-0008  1.000E-0001  6.025E-0016  1.000E-0006  2.238E-0016

      ÇõïéÑ(%) éíçéëàíÖãúçé óÄëíàñõ 3 Ç áÄÇàëàåéëíà éí ‡[2]

íéóäà     1     2     3     4     5     6     7     8     9    10
p[2]   10.00  9.70  9.40  9.10  8.80  8.50  8.20  7.90  7.60  7.31
 - - - - - - - - - - - - - - - - - - - - - - - - - - - - - - - - -
 3   |   73    73    73    73    73    73    73    73    73    73 
 4   |    0     0     0     0     0     0     0     0     0     0 
 5   |   27    27    27    27    27    27    27    27    27    27 

íéóäà    11    12    13    14    15    16    17    18    19    20
p[2]    7.01  6.72  6.44  6.16  5.90  5.63  5.32  4.97  4.64  4.32
 - - - - - - - - - - - - - - - - - - - - - - - - - - - - - - - - -
 3   |   73    73    72    69    61    44    19     5     1     0 
 4   |    0     0     2     5    16    40    74    93    98   100 
 5   |   27    27    27    26    23    16     7     2     0     0 

íéóäà    21    22    23    24    25    26    27    28    29    30
p[2]    4.01  3.70  3.40  3.10  2.80  2.50  2.20  1.90  1.60  0.30
 - - - - - - - - - - - - - - - - - - - - - - - - - - - - - - - - -
 3   |    0     0     0     0     0     0     0     0     0     0 
 4   |  100   100   100   100   100   100   100   100   100   100 
 5   |    0     0     0     0     0     0     0     0     0     0 

íéóäà    31
p[2]    1.00
 - - - - - -
 3   |    0 
 4   |  100 
 5   |    0 
