           ФАЙЛ ИСХОДНЫХ ДАННЫХ ДЛЯ РАСЧЕТА РАВНОВЕСНОГО СОСТАВА

              31  Количество рассчитываемых точек
              3   Число базисных частиц
              5   Число реакций (вместе с тривиальными)
              2   Номер частицы для p[X]
              3   Номер частицы для [%]
 Логарифмы констант и стехиометрическая матрица
  0.000    1.000    0.000    0.000
  0.000    0.000    1.000    0.000
  0.000    0.000    0.000    1.000
 11.380    0.000    2.000    1.000
 -7.830   -1.000    0.000    1.000
    2  Вид расчета: 1-по общим конц-иям, 2-частично заданный состав
    1   Число частиц с равновесными концентрациями
    0  Задаются: 0-общие концентрации, 1-порции титранта
Отрицательные логарифмы равн-ых конц-ий частиц
    7.400
    7.400
    7.400
    7.400
    7.400
    7.400
    7.400
	7.400
    7.400
    7.400
    7.400
	7.400
	7.400
    7.400
    7.400
    7.400
	7.400
    7.400
    7.400
	7.400
	7.400
	7.400
	7.400
	7.400
	7.400
    7.400
    7.400
	7.400
	7.400
	7.400
	7.400
Общие концентрации
  0.000E+0000  1.000E-0010  1.000E-0006
  0.000E+0000  2.000E-0010  1.000E-0006
  0.000E+0000  3.980E-0010  1.000E-0006
  0.000E+0000  7.940E-0010  1.000E-0006
  0.000E+0000  1.580E-0009  1.000E-0006
  0.000E+0000  3.160E-0009  1.000E-0006
  0.000E+0000  6.310E-0009  1.000E-0006
  0.000E+0000  1.260E-0008  1.000E-0006
  0.000E+0000  2.510E-0008  1.000E-0006
  0.000E+0000  5.010E-0008  1.000E-0006
  0.000E+0000  1.000E-0007  1.000E-0006
  0.000E+0000  2.000E-0007  1.000E-0006
  0.000E+0000  3.980E-0007  1.000E-0006
  0.000E+0000  7.940E-0007  1.000E-0006
  0.000E+0000  1.580E-0006  1.000E-0006
  0.000E+0000  3.160E-0006  1.000E-0006
  0.000E+0000  6.310E-0006  1.000E-0006
  0.000E+0000  1.260E-0005  1.000E-0006
  0.000E+0000  2.510E-0005  1.000E-0006
  0.000E+0000  5.010E-0005  1.000E-0006 
  0.000E+0000  1.000E-0004  1.000E-0006
  0.000E+0000  2.000E-0004  1.000E-0006
  0.000E+0000  3.980E-0004  1.000E-0006
  0.000E+0000  7.940E-0004  1.000E-0006
  0.000E+0000  1.585E-0003  1.000E-0006
  0.000E+0000  3.162E-0003  1.000E-0006
  0.000E+0000  6.310E-0003  1.000E-0006
  0.000E+0000  1.259E-0002  1.000E-0006 
  0.000E+0000  2.512E-0002  1.000E-0006
  0.000E+0000  5.012E-0001  1.000E-0006
  0.000E+0000  1.000E-0001  1.000E-0006