             <RRSU>
1488

                       
 N         log K


          1       2       3
 - - - - - - - - - - -
 1)    1.000    0.000    0.000    0.000
 2)    0.000    1.000    0.000    0.000
 3)    0.000    0.000    1.000    0.000
 4)    1.000    1.000    0.000    3.140
 5)    1.000    0.000    1.000    1.450
 6)    2.000    0.000    1.000    2.790
 7)    0.000   -1.000    1.000   -8.900
 8)    0.000   -1.000    0.000  -13.880

  p[C]
 1)       3.0000
 2)       3.0000
 3)       2.0000

 N             
             1            2            3
 1)    5.913E-0002  1.000E-0001  5.000E-0003
 2)    6.942E-0003  1.000E-0002  5.000E-0003
 3)    1.160E-0002  1.000E-0004  5.000E-0003

                                
N .                       

 1)    1.000E-0003  4.201E-0002  4.860E-0003  5.799E-0002  1.370E-0004
       2.997E-0006  1.456E-0010  3.137E-0013
 2)    1.000E-0003  4.201E-0003  4.860E-0003  5.799E-0003  1.370E-0004
       2.997E-0006  1.456E-0009  3.137E-0012
 3)    1.000E-0002  6.802E-0006  3.721E-0003  9.389E-0005  1.049E-0003
       2.294E-0004  6.887E-0007  1.938E-0009

      (%)   1    [2]

     1     2     3
p[2]    1.38  2.38  5.17
 - - - - - - - - - - - -
 1   |    2    14    86 
 4   |   98    84     1 
 5   |    0     2     9 
 6   |    0     0     4 
